CTE	CTE_PREV	CTE_SUM	KP	KI	KD	P_ERROR	I_ERROR	D_ERROR
0.759800	0.759800	0.759800	0.200000	0.000400	0.000000	0.151960	0.000304	0.000000
0.759800	0.759800	1.519600	0.200000	0.000400	0.000000	0.151960	0.000608	0.000000
0.759800	0.759800	2.279400	0.200000	0.000400	0.000000	0.151960	0.000912	0.000000
0.759800	0.759800	3.039200	0.200000	0.000400	0.000000	0.151960	0.001216	0.000000
0.759800	0.759800	3.799000	0.200000	0.000400	0.000000	0.151960	0.001520	0.000000
0.759800	0.759800	4.558800	0.200000	0.000400	0.000000	0.151960	0.001824	0.000000
0.759800	0.759800	5.318600	0.200000	0.000400	0.000000	0.151960	0.002127	0.000000
0.759800	0.759800	6.078400	0.200000	0.000400	0.000000	0.151960	0.002431	0.000000
0.759800	0.759800	6.838200	0.200000	0.000400	0.000000	0.151960	0.002735	0.000000
0.759800	0.759800	7.598000	0.200000	0.000400	0.000000	0.151960	0.003039	0.000000
0.759800	0.759800	8.357800	0.200000	0.000400	0.000000	0.151960	0.003343	0.000000
0.759800	0.759800	9.117600	0.200000	0.000400	0.000000	0.151960	0.003647	0.000000
0.759800	0.759800	9.877400	0.200000	0.000400	0.000000	0.151960	0.003951	0.000000
0.759800	0.759800	10.637200	0.200000	0.000400	0.000000	0.151960	0.004255	0.000000
0.759800	0.759800	11.397000	0.200000	0.000400	0.000000	0.151960	0.004559	0.000000
0.759900	0.759900	12.156900	0.200000	0.000400	0.000000	0.151980	0.004863	0.000000
0.759800	0.759800	12.916700	0.200000	0.000400	0.000000	0.151960	0.005167	-0.000000
0.759800	0.759800	13.676500	0.200000	0.000400	0.000000	0.151960	0.005471	0.000000
0.759700	0.759700	14.436200	0.200000	0.000400	0.000000	0.151940	0.005774	-0.000000
0.759700	0.759700	15.195900	0.200000	0.000400	0.000000	0.151940	0.006078	0.000000
0.759500	0.759500	15.955400	0.200000	0.000400	0.000000	0.151900	0.006382	-0.000000
0.759400	0.759400	16.714800	0.200000	0.000400	0.000000	0.151880	0.006686	-0.000000
0.759300	0.759300	17.474100	0.200000	0.000400	0.000000	0.151860	0.006990	-0.000000
0.759200	0.759200	18.233300	0.200000	0.000400	0.000000	0.151840	0.007293	-0.000000
0.759000	0.759000	18.992300	0.200000	0.000400	0.000000	0.151800	0.007597	-0.000000
0.758900	0.758900	19.751200	0.200000	0.000400	0.000000	0.151780	0.007900	-0.000000
0.758700	0.758700	20.509900	0.200000	0.000400	0.000000	0.151740	0.008204	-0.000000
0.758600	0.758600	21.268500	0.200000	0.000400	0.000000	0.151720	0.008507	-0.000000
0.758400	0.758400	22.026900	0.200000	0.000400	0.000000	0.151680	0.008811	-0.000000
0.758200	0.758200	22.785100	0.200000	0.000400	0.000000	0.151640	0.009114	-0.000000
0.758000	0.758000	23.543100	0.200000	0.000400	0.000000	0.151600	0.009417	-0.000000
0.757800	0.757800	24.300900	0.200000	0.000400	0.000000	0.151560	0.009720	-0.000000
0.757600	0.757600	25.058500	0.200000	0.000400	0.000000	0.151520	0.010023	-0.000000
0.757300	0.757300	25.815800	0.200000	0.000400	0.000000	0.151460	0.010326	-0.000000
0.757000	0.757000	26.572800	0.200000	0.000400	0.000000	0.151400	0.010629	-0.000000
0.756800	0.756800	27.329600	0.200000	0.000400	0.000000	0.151360	0.010932	-0.000000
0.756500	0.756500	28.086100	0.200000	0.000400	0.000000	0.151300	0.011234	-0.000000
0.756200	0.756200	28.842300	0.200000	0.000400	0.000000	0.151240	0.011537	-0.000000
0.755900	0.755900	29.598200	0.200000	0.000400	0.000000	0.151180	0.011839	-0.000000
0.755500	0.755500	30.353700	0.200000	0.000400	0.000000	0.151100	0.012141	-0.000000
0.755200	0.755200	31.108900	0.200000	0.000400	0.000000	0.151040	0.012444	-0.000000
0.754800	0.754800	31.863700	0.200000	0.000400	0.000000	0.150960	0.012745	-0.000000
0.754400	0.754400	32.618100	0.200000	0.000400	0.000000	0.150880	0.013047	-0.000000
0.754000	0.754000	33.372100	0.200000	0.000400	0.000000	0.150800	0.013349	-0.000000
0.753600	0.753600	34.125700	0.200000	0.000400	0.000000	0.150720	0.013650	-0.000000
0.753100	0.753100	34.878800	0.200000	0.000400	0.000000	0.150620	0.013952	-0.000000
0.752700	0.752700	35.631500	0.200000	0.000400	0.000000	0.150540	0.014253	-0.000000
0.752200	0.752200	36.383700	0.200000	0.000400	0.000000	0.150440	0.014553	-0.000000
0.751700	0.751700	37.135400	0.200000	0.000400	0.000000	0.150340	0.014854	-0.000000
0.751200	0.751200	37.886600	0.200000	0.000400	0.000000	0.150240	0.015155	-0.000000
0.750600	0.750600	38.637200	0.200000	0.000400	0.000000	0.150120	0.015455	-0.000000
0.750000	0.750000	39.387200	0.200000	0.000400	0.000000	0.150000	0.015755	-0.000000
0.749400	0.749400	40.136600	0.200000	0.000400	0.000000	0.149880	0.016055	-0.000000
0.748800	0.748800	40.885400	0.200000	0.000400	0.000000	0.149760	0.016354	-0.000000
0.748100	0.748100	41.633500	0.200000	0.000400	0.000000	0.149620	0.016653	-0.000000
0.747400	0.747400	42.380900	0.200000	0.000400	0.000000	0.149480	0.016952	-0.000000
0.746700	0.746700	43.127600	0.200000	0.000400	0.000000	0.149340	0.017251	-0.000000
0.746000	0.746000	43.873600	0.200000	0.000400	0.000000	0.149200	0.017549	-0.000000
0.745200	0.745200	44.618800	0.200000	0.000400	0.000000	0.149040	0.017848	-0.000000
0.744400	0.744400	45.363200	0.200000	0.000400	0.000000	0.148880	0.018145	-0.000000
0.743600	0.743600	46.106800	0.200000	0.000400	0.000000	0.148720	0.018443	-0.000000
0.742700	0.742700	46.849500	0.200000	0.000400	0.000000	0.148540	0.018740	-0.000000
0.741800	0.741800	47.591300	0.200000	0.000400	0.000000	0.148360	0.019037	-0.000000
0.740900	0.740900	48.332200	0.200000	0.000400	0.000000	0.148180	0.019333	-0.000000
0.740000	0.740000	49.072200	0.200000	0.000400	0.000000	0.148000	0.019629	-0.000000
0.739000	0.739000	49.811200	0.200000	0.000400	0.000000	0.147800	0.019924	-0.000000
0.737900	0.737900	50.549100	0.200000	0.000400	0.000000	0.147580	0.020220	-0.000000
0.736800	0.736800	51.285900	0.200000	0.000400	0.000000	0.147360	0.020514	-0.000000
0.735700	0.735700	52.021600	0.200000	0.000400	0.000000	0.147140	0.020809	-0.000000
0.734500	0.734500	52.756100	0.200000	0.000400	0.000000	0.146900	0.021102	-0.000000
0.733300	0.733300	53.489400	0.200000	0.000400	0.000000	0.146660	0.021396	-0.000000
0.732100	0.732100	54.221500	0.200000	0.000400	0.000000	0.146420	0.021689	-0.000000
0.730700	0.730700	54.952200	0.200000	0.000400	0.000000	0.146140	0.021981	-0.000000
0.729400	0.729400	55.681600	0.200000	0.000400	0.000000	0.145880	0.022273	-0.000000
0.728000	0.728000	56.409600	0.200000	0.000400	0.000000	0.145600	0.022564	-0.000000
0.726600	0.726600	57.136200	0.200000	0.000400	0.000000	0.145320	0.022854	-0.000000
0.725100	0.725100	57.861300	0.200000	0.000400	0.000000	0.145020	0.023145	-0.000000
0.723600	0.723600	58.584900	0.200000	0.000400	0.000000	0.144720	0.023434	-0.000000
0.722000	0.722000	59.306900	0.200000	0.000400	0.000000	0.144400	0.023723	-0.000000
0.720400	0.720400	60.027300	0.200000	0.000400	0.000000	0.144080	0.024011	-0.000000
0.718700	0.718700	60.746000	0.200000	0.000400	0.000000	0.143740	0.024298	-0.000000
0.716900	0.716900	61.462900	0.200000	0.000400	0.000000	0.143380	0.024585	-0.000000
0.715100	0.715100	62.178000	0.200000	0.000400	0.000000	0.143020	0.024871	-0.000000
0.713200	0.713200	62.891200	0.200000	0.000400	0.000000	0.142640	0.025156	-0.000000
0.711300	0.711300	63.602500	0.200000	0.000400	0.000000	0.142260	0.025441	-0.000000
0.709200	0.709200	64.311700	0.200000	0.000400	0.000000	0.141840	0.025725	-0.000000
0.707200	0.707200	65.018900	0.200000	0.000400	0.000000	0.141440	0.026008	-0.000000
0.705100	0.705100	65.724000	0.200000	0.000400	0.000000	0.141020	0.026290	-0.000000
0.702900	0.702900	66.426900	0.200000	0.000400	0.000000	0.140580	0.026571	-0.000000
0.700600	0.700600	67.127500	0.200000	0.000400	0.000000	0.140120	0.026851	-0.000000
0.698300	0.698300	67.825800	0.200000	0.000400	0.000000	0.139660	0.027130	-0.000000
0.696000	0.696000	68.521800	0.200000	0.000400	0.000000	0.139200	0.027409	-0.000000
0.693500	0.693500	69.215300	0.200000	0.000400	0.000000	0.138700	0.027686	-0.000000
0.691000	0.691000	69.906300	0.200000	0.000400	0.000000	0.138200	0.027963	-0.000000
0.688400	0.688400	70.594700	0.200000	0.000400	0.000000	0.137680	0.028238	-0.000000
0.685800	0.685800	71.280500	0.200000	0.000400	0.000000	0.137160	0.028512	-0.000000
0.683100	0.683100	71.963600	0.200000	0.000400	0.000000	0.136620	0.028785	-0.000000
0.680300	0.680300	72.643900	0.200000	0.000400	0.000000	0.136060	0.029058	-0.000000
0.677400	0.677400	73.321300	0.200000	0.000400	0.000000	0.135480	0.029329	-0.000000
0.674500	0.674500	73.995800	0.200000	0.000400	0.000000	0.134900	0.029598	-0.000000
0.671500	0.671500	74.667300	0.200000	0.000400	0.000000	0.134300	0.029867	-0.000000
0.668400	0.668400	75.335700	0.200000	0.000400	0.000000	0.133680	0.030134	-0.000000
0.665200	0.665200	76.000900	0.200000	0.000400	0.000000	0.133040	0.030400	-0.000000
0.662000	0.662000	76.662900	0.200000	0.000400	0.000000	0.132400	0.030665	-0.000000
0.658700	0.658700	77.321600	0.200000	0.000400	0.000000	0.131740	0.030929	-0.000000
0.655300	0.655300	77.976900	0.200000	0.000400	0.000000	0.131060	0.031191	-0.000000
0.651800	0.651800	78.628700	0.200000	0.000400	0.000000	0.130360	0.031451	-0.000000
0.648300	0.648300	79.277000	0.200000	0.000400	0.000000	0.129660	0.031711	-0.000000
0.644600	0.644600	79.921600	0.200000	0.000400	0.000000	0.128920	0.031969	-0.000000
0.637100	0.637100	80.558700	0.200000	0.000400	0.000000	0.127420	0.032223	-0.000000
0.633200	0.633200	81.191900	0.200000	0.000400	0.000000	0.126640	0.032477	-0.000000
0.629200	0.629200	81.821100	0.200000	0.000400	0.000000	0.125840	0.032728	-0.000000
0.625100	0.625100	82.446200	0.200000	0.000400	0.000000	0.125020	0.032978	-0.000000
0.621000	0.621000	83.067200	0.200000	0.000400	0.000000	0.124200	0.033227	-0.000000
0.616700	0.616700	83.683900	0.200000	0.000400	0.000000	0.123340	0.033474	-0.000000
0.612400	0.612400	84.296300	0.200000	0.000400	0.000000	0.122480	0.033719	-0.000000
0.607900	0.607900	84.904200	0.200000	0.000400	0.000000	0.121580	0.033962	-0.000000
0.603400	0.603400	85.507600	0.200000	0.000400	0.000000	0.120680	0.034203	-0.000000
0.598800	0.598800	86.106400	0.200000	0.000400	0.000000	0.119760	0.034443	-0.000000
0.594000	0.594000	86.700400	0.200000	0.000400	0.000000	0.118800	0.034680	-0.000000
0.589200	0.589200	87.289600	0.200000	0.000400	0.000000	0.117840	0.034916	-0.000000
0.584300	0.584300	87.873900	0.200000	0.000400	0.000000	0.116860	0.035150	-0.000000
0.579300	0.579300	88.453200	0.200000	0.000400	0.000000	0.115860	0.035381	-0.000000
0.574200	0.574200	89.027400	0.200000	0.000400	0.000000	0.114840	0.035611	-0.000000
0.569000	0.569000	89.596400	0.200000	0.000400	0.000000	0.113800	0.035839	-0.000000
0.563600	0.563600	90.160000	0.200000	0.000400	0.000000	0.112720	0.036064	-0.000000
0.558200	0.558200	90.718200	0.200000	0.000400	0.000000	0.111640	0.036287	-0.000000
0.552700	0.552700	91.270900	0.200000	0.000400	0.000000	0.110540	0.036508	-0.000000
0.547100	0.547100	91.818000	0.200000	0.000400	0.000000	0.109420	0.036727	-0.000000
0.541400	0.541400	92.359400	0.200000	0.000400	0.000000	0.108280	0.036944	-0.000000
0.535500	0.535500	92.894900	0.200000	0.000400	0.000000	0.107100	0.037158	-0.000000
0.529600	0.529600	93.424500	0.200000	0.000400	0.000000	0.105920	0.037370	-0.000000
0.523500	0.523500	93.948000	0.200000	0.000400	0.000000	0.104700	0.037579	-0.000000
0.517400	0.517400	94.465400	0.200000	0.000400	0.000000	0.103480	0.037786	-0.000000
0.511100	0.511100	94.976500	0.200000	0.000400	0.000000	0.102220	0.037991	-0.000000
0.504700	0.504700	95.481200	0.200000	0.000400	0.000000	0.100940	0.038192	-0.000000
0.498200	0.498200	95.979400	0.200000	0.000400	0.000000	0.099640	0.038392	-0.000000
0.491600	0.491600	96.471000	0.200000	0.000400	0.000000	0.098320	0.038588	-0.000000
0.485100	0.485100	96.956100	0.200000	0.000400	0.000000	0.097020	0.038782	-0.000000
0.485100	0.485100	97.441200	0.200000	0.000400	0.000000	0.097020	0.038976	0.000000
0.478700	0.478700	97.919900	0.200000	0.000400	0.000000	0.095740	0.039168	-0.000000
0.472500	0.472500	98.392400	0.200000	0.000400	0.000000	0.094500	0.039357	-0.000000
0.466500	0.466500	98.858900	0.200000	0.000400	0.000000	0.093300	0.039544	-0.000000
0.460900	0.460900	99.319800	0.200000	0.000400	0.000000	0.092180	0.039728	-0.000000
0.455600	0.455600	99.775400	0.200000	0.000400	0.000000	0.091120	0.039910	-0.000000
0.451000	0.451000	100.226400	0.200000	0.000400	0.000000	0.090200	0.040091	-0.000000
0.447000	0.447000	100.673400	0.200000	0.000400	0.000000	0.089400	0.040269	-0.000000
0.444000	0.444000	101.117400	0.200000	0.000400	0.000000	0.088800	0.040447	-0.000000
0.442100	0.442100	101.559500	0.200000	0.000400	0.000000	0.088420	0.040624	-0.000000
0.437500	0.437500	101.997000	0.200000	0.000400	0.000000	0.087500	0.040799	-0.000000
0.427100	0.427100	102.424100	0.200000	0.000400	0.000000	0.085420	0.040970	-0.000000
0.419400	0.419400	102.843500	0.200000	0.000400	0.000000	0.083880	0.041137	-0.000000
0.412100	0.412100	103.255600	0.200000	0.000400	0.000000	0.082420	0.041302	-0.000000
0.405000	0.405000	103.660600	0.200000	0.000400	0.000000	0.081000	0.041464	-0.000000
0.361700	0.361700	104.022300	0.200000	0.000400	0.000000	0.072340	0.041609	-0.000000
0.355900	0.355900	104.378200	0.200000	0.000400	0.000000	0.071180	0.041751	-0.000000
0.350200	0.350200	104.728400	0.200000	0.000400	0.000000	0.070040	0.041891	-0.000000
0.344500	0.344500	105.072900	0.200000	0.000400	0.000000	0.068900	0.042029	-0.000000
0.338800	0.338800	105.411700	0.200000	0.000400	0.000000	0.067760	0.042165	-0.000000
0.333100	0.333100	105.744800	0.200000	0.000400	0.000000	0.066620	0.042298	-0.000000
0.327400	0.327400	106.072200	0.200000	0.000400	0.000000	0.065480	0.042429	-0.000000
0.321600	0.321600	106.393800	0.200000	0.000400	0.000000	0.064320	0.042558	-0.000000
0.315700	0.315700	106.709500	0.200000	0.000400	0.000000	0.063140	0.042684	-0.000000
0.309700	0.309700	107.019200	0.200000	0.000400	0.000000	0.061940	0.042808	-0.000000
0.303500	0.303500	107.322700	0.200000	0.000400	0.000000	0.060700	0.042929	-0.000000
0.297300	0.297300	107.620000	0.200000	0.000400	0.000000	0.059460	0.043048	-0.000000
0.291000	0.291000	107.911000	0.200000	0.000400	0.000000	0.058200	0.043164	-0.000000
0.284600	0.284600	108.195600	0.200000	0.000400	0.000000	0.056920	0.043278	-0.000000
0.284600	0.284600	108.480200	0.200000	0.000400	0.000000	0.056920	0.043392	0.000000
0.278100	0.278100	108.758300	0.200000	0.000400	0.000000	0.055620	0.043503	-0.000000
0.271500	0.271500	109.029800	0.200000	0.000400	0.000000	0.054300	0.043612	-0.000000
0.264800	0.264800	109.294600	0.200000	0.000400	0.000000	0.052960	0.043718	-0.000000
0.251000	0.251000	109.545600	0.200000	0.000400	0.000000	0.050200	0.043818	-0.000000
0.244000	0.244000	109.789600	0.200000	0.000400	0.000000	0.048800	0.043916	-0.000000
0.236900	0.236900	110.026500	0.200000	0.000400	0.000000	0.047380	0.044011	-0.000000
0.229700	0.229700	110.256200	0.200000	0.000400	0.000000	0.045940	0.044102	-0.000000
0.222300	0.222300	110.478500	0.200000	0.000400	0.000000	0.044460	0.044191	-0.000000
0.214900	0.214900	110.693400	0.200000	0.000400	0.000000	0.042980	0.044277	-0.000000
0.192100	0.192100	110.885500	0.200000	0.000400	0.000000	0.038420	0.044354	-0.000000
0.184200	0.184200	111.069700	0.200000	0.000400	0.000000	0.036840	0.044428	-0.000000
0.176300	0.176300	111.246000	0.200000	0.000400	0.000000	0.035260	0.044498	-0.000000
0.176300	0.176300	111.422300	0.200000	0.000400	0.000000	0.035260	0.044569	0.000000
0.168300	0.168300	111.590600	0.200000	0.000400	0.000000	0.033660	0.044636	-0.000000
0.160200	0.160200	111.750800	0.200000	0.000400	0.000000	0.032040	0.044700	-0.000000
0.152100	0.152100	111.902900	0.200000	0.000400	0.000000	0.030420	0.044761	-0.000000
0.143800	0.143800	112.046700	0.200000	0.000400	0.000000	0.028760	0.044819	-0.000000
0.135400	0.135400	112.182100	0.200000	0.000400	0.000000	0.027080	0.044873	-0.000000
0.127000	0.127000	112.309100	0.200000	0.000400	0.000000	0.025400	0.044924	-0.000000
0.118500	0.118500	112.427600	0.200000	0.000400	0.000000	0.023700	0.044971	-0.000000
0.109900	0.109900	112.537500	0.200000	0.000400	0.000000	0.021980	0.045015	-0.000000
0.101200	0.101200	112.638700	0.200000	0.000400	0.000000	0.020240	0.045055	-0.000000
0.083600	0.083600	112.722300	0.200000	0.000400	0.000000	0.016720	0.045089	-0.000000
0.065600	0.065600	112.787900	0.200000	0.000400	0.000000	0.013120	0.045115	-0.000000
0.047300	0.047300	112.835200	0.200000	0.000400	0.000000	0.009460	0.045134	-0.000000
0.038000	0.038000	112.873200	0.200000	0.000400	0.000000	0.007600	0.045149	-0.000000
0.019300	0.019300	112.892500	0.200000	0.000400	0.000000	0.003860	0.045157	-0.000000
0.009900	0.009900	112.902400	0.200000	0.000400	0.000000	0.001980	0.045161	-0.000000
0.000400	0.000400	112.902800	0.200000	0.000400	0.000000	0.000080	0.045161	-0.000000
-0.009200	-0.009200	112.893600	0.200000	0.000400	0.000000	-0.001840	0.045157	-0.000000
-0.018800	-0.018800	112.874800	0.200000	0.000400	0.000000	-0.003760	0.045150	-0.000000
-0.028500	-0.028500	112.846300	0.200000	0.000400	0.000000	-0.005700	0.045139	-0.000000
-0.038200	-0.038200	112.808100	0.200000	0.000400	0.000000	-0.007640	0.045123	-0.000000
-0.047900	-0.047900	112.760200	0.200000	0.000400	0.000000	-0.009580	0.045104	-0.000000
-0.057700	-0.057700	112.702500	0.200000	0.000400	0.000000	-0.011540	0.045081	-0.000000
-0.077400	-0.077400	112.625100	0.200000	0.000400	0.000000	-0.015480	0.045050	-0.000000
-0.087400	-0.087400	112.537700	0.200000	0.000400	0.000000	-0.017480	0.045015	-0.000000
-0.097300	-0.097300	112.440400	0.200000	0.000400	0.000000	-0.019460	0.044976	-0.000000
-0.107300	-0.107300	112.333100	0.200000	0.000400	0.000000	-0.021460	0.044933	-0.000000
-0.107300	-0.107300	112.225800	0.200000	0.000400	0.000000	-0.021460	0.044890	0.000000
-0.117300	-0.117300	112.108500	0.200000	0.000400	0.000000	-0.023460	0.044843	-0.000000
-0.127300	-0.127300	111.981200	0.200000	0.000400	0.000000	-0.025460	0.044792	-0.000000
-0.137400	-0.137400	111.843800	0.200000	0.000400	0.000000	-0.027480	0.044738	-0.000000
-0.147500	-0.147500	111.696300	0.200000	0.000400	0.000000	-0.029500	0.044679	-0.000000
-0.157500	-0.157500	111.538800	0.200000	0.000400	0.000000	-0.031500	0.044616	-0.000000
-0.167600	-0.167600	111.371200	0.200000	0.000400	0.000000	-0.033520	0.044548	-0.000000
-0.177400	-0.177400	111.193800	0.200000	0.000400	0.000000	-0.035480	0.044478	-0.000000
-0.187500	-0.187500	111.006300	0.200000	0.000400	0.000000	-0.037500	0.044403	-0.000000
-0.197600	-0.197600	110.808700	0.200000	0.000400	0.000000	-0.039520	0.044323	-0.000000
-0.207500	-0.207500	110.601200	0.200000	0.000400	0.000000	-0.041500	0.044240	-0.000000
-0.217600	-0.217600	110.383600	0.200000	0.000400	0.000000	-0.043520	0.044153	-0.000000
-0.227400	-0.227400	110.156200	0.200000	0.000400	0.000000	-0.045480	0.044062	-0.000000
-0.237500	-0.237500	109.918700	0.200000	0.000400	0.000000	-0.047500	0.043967	-0.000000
-0.247200	-0.247200	109.671500	0.200000	0.000400	0.000000	-0.049440	0.043869	-0.000000
-0.257300	-0.257300	109.414200	0.200000	0.000400	0.000000	-0.051460	0.043766	-0.000000
-0.276900	-0.276900	109.137300	0.200000	0.000400	0.000000	-0.055380	0.043655	-0.000000
-0.286600	-0.286600	108.850700	0.200000	0.000400	0.000000	-0.057320	0.043540	-0.000000
-0.296500	-0.296500	108.554200	0.200000	0.000400	0.000000	-0.059300	0.043422	-0.000000
-0.306000	-0.306000	108.248200	0.200000	0.000400	0.000000	-0.061200	0.043299	-0.000000
-0.315800	-0.315800	107.932400	0.200000	0.000400	0.000000	-0.063160	0.043173	-0.000000
-0.325400	-0.325400	107.607000	0.200000	0.000400	0.000000	-0.065080	0.043043	-0.000000
-0.325400	-0.325400	107.281600	0.200000	0.000400	0.000000	-0.065080	0.042913	0.000000
-0.335000	-0.335000	106.946600	0.200000	0.000400	0.000000	-0.067000	0.042779	-0.000000
-0.344400	-0.344400	106.602200	0.200000	0.000400	0.000000	-0.068880	0.042641	-0.000000
-0.363200	-0.363200	106.239000	0.200000	0.000400	0.000000	-0.072640	0.042496	-0.000000
-0.372400	-0.372400	105.866600	0.200000	0.000400	0.000000	-0.074480	0.042347	-0.000000
-0.381500	-0.381500	105.485100	0.200000	0.000400	0.000000	-0.076300	0.042194	-0.000000
-0.390600	-0.390600	105.094500	0.200000	0.000400	0.000000	-0.078120	0.042038	-0.000000
-0.399600	-0.399600	104.694900	0.200000	0.000400	0.000000	-0.079920	0.041878	-0.000000
-0.408600	-0.408600	104.286300	0.200000	0.000400	0.000000	-0.081720	0.041715	-0.000000
-0.417300	-0.417300	103.869000	0.200000	0.000400	0.000000	-0.083460	0.041548	-0.000000
-0.425900	-0.425900	103.443100	0.200000	0.000400	0.000000	-0.085180	0.041377	-0.000000
-0.434500	-0.434500	103.008600	0.200000	0.000400	0.000000	-0.086900	0.041203	-0.000000
-0.443100	-0.443100	102.565500	0.200000	0.000400	0.000000	-0.088620	0.041026	-0.000000
-0.451300	-0.451300	102.114200	0.200000	0.000400	0.000000	-0.090260	0.040846	-0.000000
-0.459500	-0.459500	101.654700	0.200000	0.000400	0.000000	-0.091900	0.040662	-0.000000
-0.467500	-0.467500	101.187200	0.200000	0.000400	0.000000	-0.093500	0.040475	-0.000000
-0.475500	-0.475500	100.711700	0.200000	0.000400	0.000000	-0.095100	0.040285	-0.000000
-0.483100	-0.483100	100.228600	0.200000	0.000400	0.000000	-0.096620	0.040091	-0.000000
-0.490700	-0.490700	99.737900	0.200000	0.000400	0.000000	-0.098140	0.039895	-0.000000
-0.498200	-0.498200	99.239700	0.200000	0.000400	0.000000	-0.099640	0.039696	-0.000000
-0.505500	-0.505500	98.734200	0.200000	0.000400	0.000000	-0.101100	0.039494	-0.000000
-0.512600	-0.512600	98.221600	0.200000	0.000400	0.000000	-0.102520	0.039289	-0.000000
-0.519500	-0.519500	97.702100	0.200000	0.000400	0.000000	-0.103900	0.039081	-0.000000
-0.526300	-0.526300	97.175800	0.200000	0.000400	0.000000	-0.105260	0.038870	-0.000000
-0.533000	-0.533000	96.642800	0.200000	0.000400	0.000000	-0.106600	0.038657	-0.000000
-0.539300	-0.539300	96.103500	0.200000	0.000400	0.000000	-0.107860	0.038441	-0.000000
-0.545600	-0.545600	95.557900	0.200000	0.000400	0.000000	-0.109120	0.038223	-0.000000
-0.545600	-0.545600	95.012300	0.200000	0.000400	0.000000	-0.109120	0.038005	0.000000
-0.551600	-0.551600	94.460700	0.200000	0.000400	0.000000	-0.110320	0.037784	-0.000000
-0.557500	-0.557500	93.903200	0.200000	0.000400	0.000000	-0.111500	0.037561	-0.000000
-0.563100	-0.563100	93.340100	0.200000	0.000400	0.000000	-0.112620	0.037336	-0.000000
-0.568500	-0.568500	92.771600	0.200000	0.000400	0.000000	-0.113700	0.037109	-0.000000
-0.573700	-0.573700	92.197900	0.200000	0.000400	0.000000	-0.114740	0.036879	-0.000000
-0.578700	-0.578700	91.619200	0.200000	0.000400	0.000000	-0.115740	0.036648	-0.000000
-0.583500	-0.583500	91.035700	0.200000	0.000400	0.000000	-0.116700	0.036414	-0.000000
-0.588000	-0.588000	90.447700	0.200000	0.000400	0.000000	-0.117600	0.036179	-0.000000
-0.592400	-0.592400	89.855300	0.200000	0.000400	0.000000	-0.118480	0.035942	-0.000000
-0.596500	-0.596500	89.258800	0.200000	0.000400	0.000000	-0.119300	0.035704	-0.000000
-0.596500	-0.596500	88.662300	0.200000	0.000400	0.000000	-0.119300	0.035465	0.000000
-0.600300	-0.600300	88.062000	0.200000	0.000400	0.000000	-0.120060	0.035225	-0.000000
-0.603900	-0.603900	87.458100	0.200000	0.000400	0.000000	-0.120780	0.034983	-0.000000
-0.607200	-0.607200	86.850900	0.200000	0.000400	0.000000	-0.121440	0.034740	-0.000000
-0.610400	-0.610400	86.240500	0.200000	0.000400	0.000000	-0.122080	0.034496	-0.000000
-0.613300	-0.613300	85.627200	0.200000	0.000400	0.000000	-0.122660	0.034251	-0.000000
-0.615800	-0.615800	85.011400	0.200000	0.000400	0.000000	-0.123160	0.034005	-0.000000
-0.618200	-0.618200	84.393200	0.200000	0.000400	0.000000	-0.123640	0.033757	-0.000000
-0.618200	-0.618200	83.775000	0.200000	0.000400	0.000000	-0.123640	0.033510	0.000000
-0.620300	-0.620300	83.154700	0.200000	0.000400	0.000000	-0.124060	0.033262	-0.000000
-0.622100	-0.622100	82.532600	0.200000	0.000400	0.000000	-0.124420	0.033013	-0.000000
-0.623600	-0.623600	81.909000	0.200000	0.000400	0.000000	-0.124720	0.032764	-0.000000
-0.624800	-0.624800	81.284200	0.200000	0.000400	0.000000	-0.124960	0.032514	-0.000000
-0.625900	-0.625900	80.658300	0.200000	0.000400	0.000000	-0.125180	0.032263	-0.000000
-0.626600	-0.626600	80.031700	0.200000	0.000400	0.000000	-0.125320	0.032013	-0.000000
-0.627000	-0.627000	79.404700	0.200000	0.000400	0.000000	-0.125400	0.031762	-0.000000
-0.627100	-0.627100	78.777600	0.200000	0.000400	0.000000	-0.125420	0.031511	-0.000000
-0.626900	-0.626900	78.150700	0.200000	0.000400	0.000000	-0.125380	0.031260	0.000000
-0.626500	-0.626500	77.524200	0.200000	0.000400	0.000000	-0.125300	0.031010	0.000000
-0.625800	-0.625800	76.898400	0.200000	0.000400	0.000000	-0.125160	0.030759	0.000000
-0.624700	-0.624700	76.273700	0.200000	0.000400	0.000000	-0.124940	0.030509	0.000000
-0.623400	-0.623400	75.650300	0.200000	0.000400	0.000000	-0.124680	0.030260	0.000000
-0.621800	-0.621800	75.028500	0.200000	0.000400	0.000000	-0.124360	0.030011	0.000000
-0.619800	-0.619800	74.408700	0.200000	0.000400	0.000000	-0.123960	0.029763	0.000000
-0.619800	-0.619800	73.788900	0.200000	0.000400	0.000000	-0.123960	0.029516	0.000000
-0.617600	-0.617600	73.171300	0.200000	0.000400	0.000000	-0.123520	0.029269	0.000000
-0.612300	-0.612300	72.559000	0.200000	0.000400	0.000000	-0.122460	0.029024	0.000000
-0.612300	-0.612300	71.946700	0.200000	0.000400	0.000000	-0.122460	0.028779	0.000000
-0.609100	-0.609100	71.337600	0.200000	0.000400	0.000000	-0.121820	0.028535	0.000000
-0.605700	-0.605700	70.731900	0.200000	0.000400	0.000000	-0.121140	0.028293	0.000000
-0.601900	-0.601900	70.130000	0.200000	0.000400	0.000000	-0.120380	0.028052	0.000000
-0.597800	-0.597800	69.532200	0.200000	0.000400	0.000000	-0.119560	0.027813	0.000000
-0.588800	-0.588800	68.943400	0.200000	0.000400	0.000000	-0.117760	0.027577	0.000000
-0.588800	-0.588800	68.354600	0.200000	0.000400	0.000000	-0.117760	0.027342	0.000000
-0.583700	-0.583700	67.770900	0.200000	0.000400	0.000000	-0.116740	0.027108	0.000000
-0.578500	-0.578500	67.192400	0.200000	0.000400	0.000000	-0.115700	0.026877	0.000000
-0.572900	-0.572900	66.619500	0.200000	0.000400	0.000000	-0.114580	0.026648	0.000000
-0.567000	-0.567000	66.052500	0.200000	0.000400	0.000000	-0.113400	0.026421	0.000000
-0.560700	-0.560700	65.491800	0.200000	0.000400	0.000000	-0.112140	0.026197	0.000000
-0.554300	-0.554300	64.937500	0.200000	0.000400	0.000000	-0.110860	0.025975	0.000000
-0.547400	-0.547400	64.390100	0.200000	0.000400	0.000000	-0.109480	0.025756	0.000000
-0.540300	-0.540300	63.849800	0.200000	0.000400	0.000000	-0.108060	0.025540	0.000000
-0.532900	-0.532900	63.316900	0.200000	0.000400	0.000000	-0.106580	0.025327	0.000000
-0.525200	-0.525200	62.791700	0.200000	0.000400	0.000000	-0.105040	0.025117	0.000000
-0.517200	-0.517200	62.274500	0.200000	0.000400	0.000000	-0.103440	0.024910	0.000000
-0.508900	-0.508900	61.765600	0.200000	0.000400	0.000000	-0.101780	0.024706	0.000000
-0.500200	-0.500200	61.265400	0.200000	0.000400	0.000000	-0.100040	0.024506	0.000000
-0.491500	-0.491500	60.773900	0.200000	0.000400	0.000000	-0.098300	0.024310	0.000000
-0.482300	-0.482300	60.291600	0.200000	0.000400	0.000000	-0.096460	0.024117	0.000000
-0.472900	-0.472900	59.818700	0.200000	0.000400	0.000000	-0.094580	0.023927	0.000000
-0.463100	-0.463100	59.355600	0.200000	0.000400	0.000000	-0.092620	0.023742	0.000000
-0.453200	-0.453200	58.902400	0.200000	0.000400	0.000000	-0.090640	0.023561	0.000000
-0.442900	-0.442900	58.459500	0.200000	0.000400	0.000000	-0.088580	0.023384	0.000000
-0.432400	-0.432400	58.027100	0.200000	0.000400	0.000000	-0.086480	0.023211	0.000000
-0.421600	-0.421600	57.605500	0.200000	0.000400	0.000000	-0.084320	0.023042	0.000000
-0.410700	-0.410700	57.194800	0.200000	0.000400	0.000000	-0.082140	0.022878	0.000000
-0.399300	-0.399300	56.795500	0.200000	0.000400	0.000000	-0.079860	0.022718	0.000000
-0.387900	-0.387900	56.407600	0.200000	0.000400	0.000000	-0.077580	0.022563	0.000000
-0.364200	-0.364200	56.043400	0.200000	0.000400	0.000000	-0.072840	0.022417	0.000000
-0.351900	-0.351900	55.691500	0.200000	0.000400	0.000000	-0.070380	0.022277	0.000000
-0.339500	-0.339500	55.352000	0.200000	0.000400	0.000000	-0.067900	0.022141	0.000000
-0.326700	-0.326700	55.025300	0.200000	0.000400	0.000000	-0.065340	0.022010	0.000000
-0.314000	-0.314000	54.711300	0.200000	0.000400	0.000000	-0.062800	0.021885	0.000000
-0.314000	-0.314000	54.397300	0.200000	0.000400	0.000000	-0.062800	0.021759	0.000000
-0.300900	-0.300900	54.096400	0.200000	0.000400	0.000000	-0.060180	0.021639	0.000000
-0.273800	-0.273800	53.822600	0.200000	0.000400	0.000000	-0.054760	0.021529	0.000000
-0.259500	-0.259500	53.563100	0.200000	0.000400	0.000000	-0.051900	0.021425	0.000000
-0.259500	-0.259500	53.303600	0.200000	0.000400	0.000000	-0.051900	0.021321	0.000000
-0.244400	-0.244400	53.059200	0.200000	0.000400	0.000000	-0.048880	0.021224	0.000000
-0.212200	-0.212200	52.847000	0.200000	0.000400	0.000000	-0.042440	0.021139	0.000000
-0.195200	-0.195200	52.651800	0.200000	0.000400	0.000000	-0.039040	0.021061	0.000000
-0.177400	-0.177400	52.474400	0.200000	0.000400	0.000000	-0.035480	0.020990	0.000000
-0.159300	-0.159300	52.315100	0.200000	0.000400	0.000000	-0.031860	0.020926	0.000000
-0.140200	-0.140200	52.174900	0.200000	0.000400	0.000000	-0.028040	0.020870	0.000000
-0.120700	-0.120700	52.054200	0.200000	0.000400	0.000000	-0.024140	0.020822	0.000000
-0.100400	-0.100400	51.953800	0.200000	0.000400	0.000000	-0.020080	0.020782	0.000000
-0.079800	-0.079800	51.874000	0.200000	0.000400	0.000000	-0.015960	0.020750	0.000000
-0.058300	-0.058300	51.815700	0.200000	0.000400	0.000000	-0.011660	0.020726	0.000000
-0.036600	-0.036600	51.779100	0.200000	0.000400	0.000000	-0.007320	0.020712	0.000000
-0.014200	-0.014200	51.764900	0.200000	0.000400	0.000000	-0.002840	0.020706	0.000000
0.008300	0.008300	51.773200	0.200000	0.000400	0.000000	0.001660	0.020709	0.000000
0.030900	0.030900	51.804100	0.200000	0.000400	0.000000	0.006180	0.020722	0.000000
0.053300	0.053300	51.857400	0.200000	0.000400	0.000000	0.010660	0.020743	0.000000
0.075900	0.075900	51.933300	0.200000	0.000400	0.000000	0.015180	0.020773	0.000000
0.098200	0.098200	52.031500	0.200000	0.000400	0.000000	0.019640	0.020813	0.000000
0.120700	0.120700	52.152200	0.200000	0.000400	0.000000	0.024140	0.020861	0.000000
0.142800	0.142800	52.295000	0.200000	0.000400	0.000000	0.028560	0.020918	0.000000
0.165100	0.165100	52.460100	0.200000	0.000400	0.000000	0.033020	0.020984	0.000000
0.187000	0.187000	52.647100	0.200000	0.000400	0.000000	0.037400	0.021059	0.000000
0.209100	0.209100	52.856200	0.200000	0.000400	0.000000	0.041820	0.021142	0.000000
0.230700	0.230700	53.086900	0.200000	0.000400	0.000000	0.046140	0.021235	0.000000
0.252400	0.252400	53.339300	0.200000	0.000400	0.000000	0.050480	0.021336	0.000000
0.273700	0.273700	53.613000	0.200000	0.000400	0.000000	0.054740	0.021445	0.000000
0.295100	0.295100	53.908100	0.200000	0.000400	0.000000	0.059020	0.021563	0.000000
0.336800	0.336800	54.244900	0.200000	0.000400	0.000000	0.067360	0.021698	0.000000
0.357300	0.357300	54.602200	0.200000	0.000400	0.000000	0.071460	0.021841	0.000000
0.377700	0.377700	54.979900	0.200000	0.000400	0.000000	0.075540	0.021992	0.000000
0.397500	0.397500	55.377400	0.200000	0.000400	0.000000	0.079500	0.022151	0.000000
0.417300	0.417300	55.794700	0.200000	0.000400	0.000000	0.083460	0.022318	0.000000
0.417300	0.417300	56.212000	0.200000	0.000400	0.000000	0.083460	0.022485	0.000000
0.436500	0.436500	56.648500	0.200000	0.000400	0.000000	0.087300	0.022659	0.000000
0.474200	0.474200	57.122700	0.200000	0.000400	0.000000	0.094840	0.022849	0.000000
0.492500	0.492500	57.615200	0.200000	0.000400	0.000000	0.098500	0.023046	0.000000
0.510400	0.510400	58.125600	0.200000	0.000400	0.000000	0.102080	0.023250	0.000000
0.527900	0.527900	58.653500	0.200000	0.000400	0.000000	0.105580	0.023461	0.000000
0.544900	0.544900	59.198400	0.200000	0.000400	0.000000	0.108980	0.023679	0.000000
0.561600	0.561600	59.760000	0.200000	0.000400	0.000000	0.112320	0.023904	0.000000
0.577700	0.577700	60.337700	0.200000	0.000400	0.000000	0.115540	0.024135	0.000000
0.593400	0.593400	60.931100	0.200000	0.000400	0.000000	0.118680	0.024372	0.000000
0.608600	0.608600	61.539700	0.200000	0.000400	0.000000	0.121720	0.024616	0.000000
0.623300	0.623300	62.163000	0.200000	0.000400	0.000000	0.124660	0.024865	0.000000
0.637400	0.637400	62.800400	0.200000	0.000400	0.000000	0.127480	0.025120	0.000000
0.651100	0.651100	63.451500	0.200000	0.000400	0.000000	0.130220	0.025381	0.000000
0.676700	0.676700	64.128200	0.200000	0.000400	0.000000	0.135340	0.025651	0.000000
0.688600	0.688600	64.816800	0.200000	0.000400	0.000000	0.137720	0.025927	0.000000
0.700100	0.700100	65.516900	0.200000	0.000400	0.000000	0.140020	0.026207	0.000000
0.710800	0.710800	66.227700	0.200000	0.000400	0.000000	0.142160	0.026491	0.000000
0.721000	0.721000	66.948700	0.200000	0.000400	0.000000	0.144200	0.026779	0.000000
0.730500	0.730500	67.679200	0.200000	0.000400	0.000000	0.146100	0.027072	0.000000
0.739400	0.739400	68.418600	0.200000	0.000400	0.000000	0.147880	0.027367	0.000000
0.747600	0.747600	69.166200	0.200000	0.000400	0.000000	0.149520	0.027666	0.000000
0.755200	0.755200	69.921400	0.200000	0.000400	0.000000	0.151040	0.027969	0.000000
0.762000	0.762000	70.683400	0.200000	0.000400	0.000000	0.152400	0.028273	0.000000
0.768300	0.768300	71.451700	0.200000	0.000400	0.000000	0.153660	0.028581	0.000000
0.773700	0.773700	72.225400	0.200000	0.000400	0.000000	0.154740	0.028890	0.000000
0.778600	0.778600	73.004000	0.200000	0.000400	0.000000	0.155720	0.029202	0.000000
0.782600	0.782600	73.786600	0.200000	0.000400	0.000000	0.156520	0.029515	0.000000
0.786000	0.786000	74.572600	0.200000	0.000400	0.000000	0.157200	0.029829	0.000000
0.788600	0.788600	75.361200	0.200000	0.000400	0.000000	0.157720	0.030144	0.000000
0.790600	0.790600	76.151800	0.200000	0.000400	0.000000	0.158120	0.030461	0.000000
0.791700	0.791700	76.943500	0.200000	0.000400	0.000000	0.158340	0.030777	0.000000
0.792100	0.792100	77.735600	0.200000	0.000400	0.000000	0.158420	0.031094	0.000000
0.791700	0.791700	78.527300	0.200000	0.000400	0.000000	0.158340	0.031411	-0.000000
0.790700	0.790700	79.318000	0.200000	0.000400	0.000000	0.158140	0.031727	-0.000000
0.790700	0.790700	80.108700	0.200000	0.000400	0.000000	0.158140	0.032043	0.000000
0.788800	0.788800	80.897500	0.200000	0.000400	0.000000	0.157760	0.032359	-0.000000
0.786200	0.786200	81.683700	0.200000	0.000400	0.000000	0.157240	0.032673	-0.000000
0.782800	0.782800	82.466500	0.200000	0.000400	0.000000	0.156560	0.032987	-0.000000
0.778700	0.778700	83.245200	0.200000	0.000400	0.000000	0.155740	0.033298	-0.000000
0.773700	0.773700	84.018900	0.200000	0.000400	0.000000	0.154740	0.033608	-0.000000
0.768000	0.768000	84.786900	0.200000	0.000400	0.000000	0.153600	0.033915	-0.000000
0.761500	0.761500	85.548400	0.200000	0.000400	0.000000	0.152300	0.034219	-0.000000
0.754300	0.754300	86.302700	0.200000	0.000400	0.000000	0.150860	0.034521	-0.000000
0.746300	0.746300	87.049000	0.200000	0.000400	0.000000	0.149260	0.034820	-0.000000
0.737500	0.737500	87.786500	0.200000	0.000400	0.000000	0.147500	0.035115	-0.000000
0.727900	0.727900	88.514400	0.200000	0.000400	0.000000	0.145580	0.035406	-0.000000
0.717700	0.717700	89.232100	0.200000	0.000400	0.000000	0.143540	0.035693	-0.000000
0.706600	0.706600	89.938700	0.200000	0.000400	0.000000	0.141320	0.035975	-0.000000
0.694800	0.694800	90.633500	0.200000	0.000400	0.000000	0.138960	0.036253	-0.000000
0.682200	0.682200	91.315700	0.200000	0.000400	0.000000	0.136440	0.036526	-0.000000
0.669000	0.669000	91.984700	0.200000	0.000400	0.000000	0.133800	0.036794	-0.000000
0.654900	0.654900	92.639600	0.200000	0.000400	0.000000	0.130980	0.037056	-0.000000
0.640300	0.640300	93.279900	0.200000	0.000400	0.000000	0.128060	0.037312	-0.000000
0.624800	0.624800	93.904700	0.200000	0.000400	0.000000	0.124960	0.037562	-0.000000
0.608700	0.608700	94.513400	0.200000	0.000400	0.000000	0.121740	0.037805	-0.000000
0.591800	0.591800	95.105200	0.200000	0.000400	0.000000	0.118360	0.038042	-0.000000
0.574300	0.574300	95.679500	0.200000	0.000400	0.000000	0.114860	0.038272	-0.000000
0.556100	0.556100	96.235600	0.200000	0.000400	0.000000	0.111220	0.038494	-0.000000
0.537300	0.537300	96.772900	0.200000	0.000400	0.000000	0.107460	0.038709	-0.000000
0.517800	0.517800	97.290700	0.200000	0.000400	0.000000	0.103560	0.038916	-0.000000
0.497700	0.497700	97.788400	0.200000	0.000400	0.000000	0.099540	0.039115	-0.000000
0.476900	0.476900	98.265300	0.200000	0.000400	0.000000	0.095380	0.039306	-0.000000
0.455700	0.455700	98.721000	0.200000	0.000400	0.000000	0.091140	0.039488	-0.000000
0.433700	0.433700	99.154700	0.200000	0.000400	0.000000	0.086740	0.039662	-0.000000
0.411300	0.411300	99.566000	0.200000	0.000400	0.000000	0.082260	0.039826	-0.000000
0.388300	0.388300	99.954300	0.200000	0.000400	0.000000	0.077660	0.039982	-0.000000
0.364800	0.364800	100.319100	0.200000	0.000400	0.000000	0.072960	0.040128	-0.000000
0.340700	0.340700	100.659800	0.200000	0.000400	0.000000	0.068140	0.040264	-0.000000
0.316200	0.316200	100.976000	0.200000	0.000400	0.000000	0.063240	0.040390	-0.000000
0.291200	0.291200	101.267200	0.200000	0.000400	0.000000	0.058240	0.040507	-0.000000
0.265800	0.265800	101.533000	0.200000	0.000400	0.000000	0.053160	0.040613	-0.000000
0.239900	0.239900	101.772900	0.200000	0.000400	0.000000	0.047980	0.040709	-0.000000
0.213700	0.213700	101.986600	0.200000	0.000400	0.000000	0.042740	0.040795	-0.000000
0.187000	0.187000	102.173600	0.200000	0.000400	0.000000	0.037400	0.040869	-0.000000
0.160100	0.160100	102.333700	0.200000	0.000400	0.000000	0.032020	0.040933	-0.000000
0.132700	0.132700	102.466400	0.200000	0.000400	0.000000	0.026540	0.040987	-0.000000
0.105200	0.105200	102.571600	0.200000	0.000400	0.000000	0.021040	0.041029	-0.000000
0.077200	0.077200	102.648800	0.200000	0.000400	0.000000	0.015440	0.041060	-0.000000
0.049100	0.049100	102.697900	0.200000	0.000400	0.000000	0.009820	0.041079	-0.000000
0.020700	0.020700	102.718600	0.200000	0.000400	0.000000	0.004140	0.041087	-0.000000
-0.007800	-0.007800	102.710800	0.200000	0.000400	0.000000	-0.001560	0.041084	-0.000000
-0.065500	-0.065500	102.645300	0.200000	0.000400	0.000000	-0.013100	0.041058	-0.000000
-0.094600	-0.094600	102.550700	0.200000	0.000400	0.000000	-0.018920	0.041020	-0.000000
-0.123700	-0.123700	102.427000	0.200000	0.000400	0.000000	-0.024740	0.040971	-0.000000
-0.153000	-0.153000	102.274000	0.200000	0.000400	0.000000	-0.030600	0.040910	-0.000000
-0.182200	-0.182200	102.091800	0.200000	0.000400	0.000000	-0.036440	0.040837	-0.000000
-0.211400	-0.211400	101.880400	0.200000	0.000400	0.000000	-0.042280	0.040752	-0.000000
-0.240600	-0.240600	101.639800	0.200000	0.000400	0.000000	-0.048120	0.040656	-0.000000
-0.269800	-0.269800	101.370000	0.200000	0.000400	0.000000	-0.053960	0.040548	-0.000000
-0.298700	-0.298700	101.071300	0.200000	0.000400	0.000000	-0.059740	0.040429	-0.000000
-0.327700	-0.327700	100.743600	0.200000	0.000400	0.000000	-0.065540	0.040297	-0.000000
-0.356400	-0.356400	100.387200	0.200000	0.000400	0.000000	-0.071280	0.040155	-0.000000
-0.385000	-0.385000	100.002200	0.200000	0.000400	0.000000	-0.077000	0.040001	-0.000000
-0.413300	-0.413300	99.588900	0.200000	0.000400	0.000000	-0.082660	0.039836	-0.000000
-0.441400	-0.441400	99.147500	0.200000	0.000400	0.000000	-0.088280	0.039659	-0.000000
-0.469100	-0.469100	98.678400	0.200000	0.000400	0.000000	-0.093820	0.039471	-0.000000
-0.496400	-0.496400	98.182000	0.200000	0.000400	0.000000	-0.099280	0.039273	-0.000000
-0.522500	-0.522500	97.659500	0.200000	0.000400	0.000000	-0.104500	0.039064	-0.000000
-0.547800	-0.547800	97.111700	0.200000	0.000400	0.000000	-0.109560	0.038845	-0.000000
-0.595100	-0.595100	96.516600	0.200000	0.000400	0.000000	-0.119020	0.038607	-0.000000
-0.615800	-0.615800	95.900800	0.200000	0.000400	0.000000	-0.123160	0.038360	-0.000000
-0.635900	-0.635900	95.264900	0.200000	0.000400	0.000000	-0.127180	0.038106	-0.000000
-0.654700	-0.654700	94.610200	0.200000	0.000400	0.000000	-0.130940	0.037844	-0.000000
-0.672100	-0.672100	93.938100	0.200000	0.000400	0.000000	-0.134420	0.037575	-0.000000
-0.687900	-0.687900	93.250200	0.200000	0.000400	0.000000	-0.137580	0.037300	-0.000000
-0.702200	-0.702200	92.548000	0.200000	0.000400	0.000000	-0.140440	0.037019	-0.000000
-0.727700	-0.727700	91.820300	0.200000	0.000400	0.000000	-0.145540	0.036728	-0.000000
-0.739400	-0.739400	91.080900	0.200000	0.000400	0.000000	-0.147880	0.036432	-0.000000
-0.750600	-0.750600	90.330300	0.200000	0.000400	0.000000	-0.150120	0.036132	-0.000000
-0.760900	-0.760900	89.569400	0.200000	0.000400	0.000000	-0.152180	0.035828	-0.000000
-0.770700	-0.770700	88.798700	0.200000	0.000400	0.000000	-0.154140	0.035519	-0.000000
-0.779600	-0.779600	88.019100	0.200000	0.000400	0.000000	-0.155920	0.035208	-0.000000
-0.787900	-0.787900	87.231200	0.200000	0.000400	0.000000	-0.157580	0.034892	-0.000000
-0.795400	-0.795400	86.435800	0.200000	0.000400	0.000000	-0.159080	0.034574	-0.000000
-0.795400	-0.795400	85.640400	0.200000	0.000400	0.000000	-0.159080	0.034256	0.000000
-0.802100	-0.802100	84.838300	0.200000	0.000400	0.000000	-0.160420	0.033935	-0.000000
-0.808000	-0.808000	84.030300	0.200000	0.000400	0.000000	-0.161600	0.033612	-0.000000
-0.813200	-0.813200	83.217100	0.200000	0.000400	0.000000	-0.162640	0.033287	-0.000000
-0.817400	-0.817400	82.399700	0.200000	0.000400	0.000000	-0.163480	0.032960	-0.000000
-0.821000	-0.821000	81.578700	0.200000	0.000400	0.000000	-0.164200	0.032631	-0.000000
-0.823600	-0.823600	80.755100	0.200000	0.000400	0.000000	-0.164720	0.032302	-0.000000
-0.825500	-0.825500	79.929600	0.200000	0.000400	0.000000	-0.165100	0.031972	-0.000000
-0.826500	-0.826500	79.103100	0.200000	0.000400	0.000000	-0.165300	0.031641	-0.000000
-0.825900	-0.825900	78.277200	0.200000	0.000400	0.000000	-0.165180	0.031311	0.000000
-0.824400	-0.824400	77.452800	0.200000	0.000400	0.000000	-0.164880	0.030981	0.000000
-0.821900	-0.821900	76.630900	0.200000	0.000400	0.000000	-0.164380	0.030652	0.000000
-0.818600	-0.818600	75.812300	0.200000	0.000400	0.000000	-0.163720	0.030325	0.000000
-0.814400	-0.814400	74.997900	0.200000	0.000400	0.000000	-0.162880	0.029999	0.000000
-0.809300	-0.809300	74.188600	0.200000	0.000400	0.000000	-0.161860	0.029675	0.000000
-0.796600	-0.796600	73.392000	0.200000	0.000400	0.000000	-0.159320	0.029357	0.000000
-0.788800	-0.788800	72.603200	0.200000	0.000400	0.000000	-0.157760	0.029041	0.000000
-0.780300	-0.780300	71.822900	0.200000	0.000400	0.000000	-0.156060	0.028729	0.000000
-0.770800	-0.770800	71.052100	0.200000	0.000400	0.000000	-0.154160	0.028421	0.000000
-0.760500	-0.760500	70.291600	0.200000	0.000400	0.000000	-0.152100	0.028117	0.000000
-0.749300	-0.749300	69.542300	0.200000	0.000400	0.000000	-0.149860	0.027817	0.000000
-0.737400	-0.737400	68.804900	0.200000	0.000400	0.000000	-0.147480	0.027522	0.000000
-0.724400	-0.724400	68.080500	0.200000	0.000400	0.000000	-0.144880	0.027232	0.000000
-0.710800	-0.710800	67.369700	0.200000	0.000400	0.000000	-0.142160	0.026948	0.000000
-0.696200	-0.696200	66.673500	0.200000	0.000400	0.000000	-0.139240	0.026669	0.000000
-0.680900	-0.680900	65.992600	0.200000	0.000400	0.000000	-0.136180	0.026397	0.000000
-0.664700	-0.664700	65.327900	0.200000	0.000400	0.000000	-0.132940	0.026131	0.000000
-0.647900	-0.647900	64.680000	0.200000	0.000400	0.000000	-0.129580	0.025872	0.000000
-0.630100	-0.630100	64.049900	0.200000	0.000400	0.000000	-0.126020	0.025620	0.000000
-0.611700	-0.611700	63.438200	0.200000	0.000400	0.000000	-0.122340	0.025375	0.000000
-0.592400	-0.592400	62.845800	0.200000	0.000400	0.000000	-0.118480	0.025138	0.000000
-0.572600	-0.572600	62.273200	0.200000	0.000400	0.000000	-0.114520	0.024909	0.000000
-0.551900	-0.551900	61.721300	0.200000	0.000400	0.000000	-0.110380	0.024689	0.000000
-0.508500	-0.508500	61.212800	0.200000	0.000400	0.000000	-0.101700	0.024485	0.000000
-0.485900	-0.485900	60.726900	0.200000	0.000400	0.000000	-0.097180	0.024291	0.000000
-0.462500	-0.462500	60.264400	0.200000	0.000400	0.000000	-0.092500	0.024106	0.000000
-0.438600	-0.438600	59.825800	0.200000	0.000400	0.000000	-0.087720	0.023930	0.000000
-0.414000	-0.414000	59.411800	0.200000	0.000400	0.000000	-0.082800	0.023765	0.000000
-0.389000	-0.389000	59.022800	0.200000	0.000400	0.000000	-0.077800	0.023609	0.000000
-0.363400	-0.363400	58.659400	0.200000	0.000400	0.000000	-0.072680	0.023464	0.000000
-0.337400	-0.337400	58.322000	0.200000	0.000400	0.000000	-0.067480	0.023329	0.000000
-0.310700	-0.310700	58.011300	0.200000	0.000400	0.000000	-0.062140	0.023205	0.000000
-0.283800	-0.283800	57.727500	0.200000	0.000400	0.000000	-0.056760	0.023091	0.000000
-0.256300	-0.256300	57.471200	0.200000	0.000400	0.000000	-0.051260	0.022988	0.000000
-0.228600	-0.228600	57.242600	0.200000	0.000400	0.000000	-0.045720	0.022897	0.000000
-0.200300	-0.200300	57.042300	0.200000	0.000400	0.000000	-0.040060	0.022817	0.000000
-0.171900	-0.171900	56.870400	0.200000	0.000400	0.000000	-0.034380	0.022748	0.000000
-0.143100	-0.143100	56.727300	0.200000	0.000400	0.000000	-0.028620	0.022691	0.000000
-0.114200	-0.114200	56.613100	0.200000	0.000400	0.000000	-0.022840	0.022645	0.000000
-0.084800	-0.084800	56.528300	0.200000	0.000400	0.000000	-0.016960	0.022611	0.000000
-0.055500	-0.055500	56.472800	0.200000	0.000400	0.000000	-0.011100	0.022589	0.000000
-0.025800	-0.025800	56.447000	0.200000	0.000400	0.000000	-0.005160	0.022579	0.000000
0.003800	0.003800	56.450800	0.200000	0.000400	0.000000	0.000760	0.022580	0.000000
0.033600	0.033600	56.484400	0.200000	0.000400	0.000000	0.006720	0.022594	0.000000
0.063400	0.063400	56.547800	0.200000	0.000400	0.000000	0.012680	0.022619	0.000000
0.093300	0.093300	56.641100	0.200000	0.000400	0.000000	0.018660	0.022656	0.000000
0.123000	0.123000	56.764100	0.200000	0.000400	0.000000	0.024600	0.022706	0.000000
0.152800	0.152800	56.916900	0.200000	0.000400	0.000000	0.030560	0.022767	0.000000
0.182400	0.182400	57.099300	0.200000	0.000400	0.000000	0.036480	0.022840	0.000000
0.211900	0.211900	57.311200	0.200000	0.000400	0.000000	0.042380	0.022924	0.000000
0.241100	0.241100	57.552300	0.200000	0.000400	0.000000	0.048220	0.023021	0.000000
0.270200	0.270200	57.822500	0.200000	0.000400	0.000000	0.054040	0.023129	0.000000
0.299000	0.299000	58.121500	0.200000	0.000400	0.000000	0.059800	0.023249	0.000000
0.327500	0.327500	58.449000	0.200000	0.000400	0.000000	0.065500	0.023380	0.000000
0.355600	0.355600	58.804600	0.200000	0.000400	0.000000	0.071120	0.023522	0.000000
0.383400	0.383400	59.188000	0.200000	0.000400	0.000000	0.076680	0.023675	0.000000
0.410700	0.410700	59.598700	0.200000	0.000400	0.000000	0.082140	0.023839	0.000000
0.437700	0.437700	60.036400	0.200000	0.000400	0.000000	0.087540	0.024015	0.000000
0.464000	0.464000	60.500400	0.200000	0.000400	0.000000	0.092800	0.024200	0.000000
0.489900	0.489900	60.990300	0.200000	0.000400	0.000000	0.097980	0.024396	0.000000
0.515200	0.515200	61.505500	0.200000	0.000400	0.000000	0.103040	0.024602	0.000000
0.539900	0.539900	62.045400	0.200000	0.000400	0.000000	0.107980	0.024818	0.000000
0.563900	0.563900	62.609300	0.200000	0.000400	0.000000	0.112780	0.025044	0.000000
0.587200	0.587200	63.196500	0.200000	0.000400	0.000000	0.117440	0.025279	0.000000
0.609900	0.609900	63.806400	0.200000	0.000400	0.000000	0.121980	0.025523	0.000000
0.631700	0.631700	64.438100	0.200000	0.000400	0.000000	0.126340	0.025775	0.000000
0.652800	0.652800	65.090900	0.200000	0.000400	0.000000	0.130560	0.026036	0.000000
0.673000	0.673000	65.763900	0.200000	0.000400	0.000000	0.134600	0.026306	0.000000
0.711700	0.711700	66.475600	0.200000	0.000400	0.000000	0.142340	0.026590	0.000000
0.711700	0.711700	67.187300	0.200000	0.000400	0.000000	0.142340	0.026875	0.000000
0.751000	0.751000	67.938300	0.200000	0.000400	0.000000	0.150200	0.027175	0.000000
0.771000	0.771000	68.709300	0.200000	0.000400	0.000000	0.154200	0.027484	0.000000
0.790400	0.790400	69.499700	0.200000	0.000400	0.000000	0.158080	0.027800	0.000000
0.810100	0.810100	70.309800	0.200000	0.000400	0.000000	0.162020	0.028124	0.000000
0.829900	0.829900	71.139700	0.200000	0.000400	0.000000	0.165980	0.028456	0.000000
0.849600	0.849600	71.989300	0.200000	0.000400	0.000000	0.169920	0.028796	0.000000
0.869100	0.869100	72.858400	0.200000	0.000400	0.000000	0.173820	0.029143	0.000000
0.888300	0.888300	73.746700	0.200000	0.000400	0.000000	0.177660	0.029499	0.000000
0.906500	0.906500	74.653200	0.200000	0.000400	0.000000	0.181300	0.029861	0.000000
0.923400	0.923400	75.576600	0.200000	0.000400	0.000000	0.184680	0.030231	0.000000
0.939100	0.939100	76.515700	0.200000	0.000400	0.000000	0.187820	0.030606	0.000000
0.953400	0.953400	77.469100	0.200000	0.000400	0.000000	0.190680	0.030988	0.000000
0.966300	0.966300	78.435400	0.200000	0.000400	0.000000	0.193260	0.031374	0.000000
0.977800	0.977800	79.413200	0.200000	0.000400	0.000000	0.195560	0.031765	0.000000
0.987900	0.987900	80.401100	0.200000	0.000400	0.000000	0.197580	0.032160	0.000000
0.996600	0.996600	81.397700	0.200000	0.000400	0.000000	0.199320	0.032559	0.000000
1.003800	1.003800	82.401500	0.200000	0.000400	0.000000	0.200760	0.032961	0.000000
1.009600	1.009600	83.411100	0.200000	0.000400	0.000000	0.201920	0.033364	0.000000
1.013900	1.013900	84.425000	0.200000	0.000400	0.000000	0.202780	0.033770	0.000000
1.016600	1.016600	85.441600	0.200000	0.000400	0.000000	0.203320	0.034177	0.000000
1.017900	1.017900	86.459500	0.200000	0.000400	0.000000	0.203580	0.034584	0.000000
1.017600	1.017600	87.477100	0.200000	0.000400	0.000000	0.203520	0.034991	-0.000000
1.015800	1.015800	88.492900	0.200000	0.000400	0.000000	0.203160	0.035397	-0.000000
1.012400	1.012400	89.505300	0.200000	0.000400	0.000000	0.202480	0.035802	-0.000000
1.007500	1.007500	90.512800	0.200000	0.000400	0.000000	0.201500	0.036205	-0.000000
0.993000	0.993000	91.505800	0.200000	0.000400	0.000000	0.198600	0.036602	-0.000000
0.983400	0.983400	92.489200	0.200000	0.000400	0.000000	0.196680	0.036996	-0.000000
0.972300	0.972300	93.461500	0.200000	0.000400	0.000000	0.194460	0.037385	-0.000000
0.959600	0.959600	94.421100	0.200000	0.000400	0.000000	0.191920	0.037768	-0.000000
0.945400	0.945400	95.366500	0.200000	0.000400	0.000000	0.189080	0.038147	-0.000000
0.929700	0.929700	96.296200	0.200000	0.000400	0.000000	0.185940	0.038518	-0.000000
0.912500	0.912500	97.208700	0.200000	0.000400	0.000000	0.182500	0.038883	-0.000000
0.893800	0.893800	98.102500	0.200000	0.000400	0.000000	0.178760	0.039241	-0.000000
0.873600	0.873600	98.976100	0.200000	0.000400	0.000000	0.174720	0.039590	-0.000000
0.852000	0.852000	99.828100	0.200000	0.000400	0.000000	0.170400	0.039931	-0.000000
0.828900	0.828900	100.657000	0.200000	0.000400	0.000000	0.165780	0.040263	-0.000000
0.778500	0.778500	101.435500	0.200000	0.000400	0.000000	0.155700	0.040574	-0.000000
0.751200	0.751200	102.186700	0.200000	0.000400	0.000000	0.150240	0.040875	-0.000000
0.722600	0.722600	102.909300	0.200000	0.000400	0.000000	0.144520	0.041164	-0.000000
0.692600	0.692600	103.601900	0.200000	0.000400	0.000000	0.138520	0.041441	-0.000000
0.661500	0.661500	104.263400	0.200000	0.000400	0.000000	0.132300	0.041705	-0.000000
0.629000	0.629000	104.892400	0.200000	0.000400	0.000000	0.125800	0.041957	-0.000000
0.595400	0.595400	105.487800	0.200000	0.000400	0.000000	0.119080	0.042195	-0.000000
0.560500	0.560500	106.048300	0.200000	0.000400	0.000000	0.112100	0.042419	-0.000000
0.524600	0.524600	106.572900	0.200000	0.000400	0.000000	0.104920	0.042629	-0.000000
0.487500	0.487500	107.060400	0.200000	0.000400	0.000000	0.097500	0.042824	-0.000000
0.410200	0.410200	107.470600	0.200000	0.000400	0.000000	0.082040	0.042988	-0.000000
0.370000	0.370000	107.840600	0.200000	0.000400	0.000000	0.074000	0.043136	-0.000000
0.328900	0.328900	108.169500	0.200000	0.000400	0.000000	0.065780	0.043268	-0.000000
0.286900	0.286900	108.456400	0.200000	0.000400	0.000000	0.057380	0.043383	-0.000000
0.244100	0.244100	108.700500	0.200000	0.000400	0.000000	0.048820	0.043480	-0.000000
0.200600	0.200600	108.901100	0.200000	0.000400	0.000000	0.040120	0.043560	-0.000000
0.156300	0.156300	109.057400	0.200000	0.000400	0.000000	0.031260	0.043623	-0.000000
0.111400	0.111400	109.168800	0.200000	0.000400	0.000000	0.022280	0.043668	-0.000000
0.066000	0.066000	109.234800	0.200000	0.000400	0.000000	0.013200	0.043694	-0.000000
0.019900	0.019900	109.254700	0.200000	0.000400	0.000000	0.003980	0.043702	-0.000000
-0.026600	-0.026600	109.228100	0.200000	0.000400	0.000000	-0.005320	0.043691	-0.000000
-0.073400	-0.073400	109.154700	0.200000	0.000400	0.000000	-0.014680	0.043662	-0.000000
-0.120700	-0.120700	109.034000	0.200000	0.000400	0.000000	-0.024140	0.043614	-0.000000
-0.168200	-0.168200	108.865800	0.200000	0.000400	0.000000	-0.033640	0.043546	-0.000000
-0.215900	-0.215900	108.649900	0.200000	0.000400	0.000000	-0.043180	0.043460	-0.000000
-0.263700	-0.263700	108.386200	0.200000	0.000400	0.000000	-0.052740	0.043354	-0.000000
-0.359600	-0.359600	108.026600	0.200000	0.000400	0.000000	-0.071920	0.043211	-0.000000
-0.407500	-0.407500	107.619100	0.200000	0.000400	0.000000	-0.081500	0.043048	-0.000000
-0.455400	-0.455400	107.163700	0.200000	0.000400	0.000000	-0.091080	0.042865	-0.000000
-0.503000	-0.503000	106.660700	0.200000	0.000400	0.000000	-0.100600	0.042664	-0.000000
-0.550300	-0.550300	106.110400	0.200000	0.000400	0.000000	-0.110060	0.042444	-0.000000
-0.597200	-0.597200	105.513200	0.200000	0.000400	0.000000	-0.119440	0.042205	-0.000000
-0.643700	-0.643700	104.869500	0.200000	0.000400	0.000000	-0.128740	0.041948	-0.000000
-0.689700	-0.689700	104.179800	0.200000	0.000400	0.000000	-0.137940	0.041672	-0.000000
-0.735200	-0.735200	103.444600	0.200000	0.000400	0.000000	-0.147040	0.041378	-0.000000
-0.824000	-0.824000	102.620600	0.200000	0.000400	0.000000	-0.164800	0.041048	-0.000000
-0.867400	-0.867400	101.753200	0.200000	0.000400	0.000000	-0.173480	0.040701	-0.000000
-0.909900	-0.909900	100.843300	0.200000	0.000400	0.000000	-0.181980	0.040337	-0.000000
-0.951400	-0.951400	99.891900	0.200000	0.000400	0.000000	-0.190280	0.039957	-0.000000
-0.991800	-0.991800	98.900100	0.200000	0.000400	0.000000	-0.198360	0.039560	-0.000000
-1.031100	-1.031100	97.869000	0.200000	0.000400	0.000000	-0.206220	0.039148	-0.000000
-1.069200	-1.069200	96.799800	0.200000	0.000400	0.000000	-0.213840	0.038720	-0.000000
-1.106100	-1.106100	95.693700	0.200000	0.000400	0.000000	-0.221220	0.038277	-0.000000
-1.141700	-1.141700	94.552000	0.200000	0.000400	0.000000	-0.228340	0.037821	-0.000000
-1.208600	-1.208600	93.343400	0.200000	0.000400	0.000000	-0.241720	0.037337	-0.000000
-1.240000	-1.240000	92.103400	0.200000	0.000400	0.000000	-0.248000	0.036841	-0.000000
-1.269700	-1.269700	90.833700	0.200000	0.000400	0.000000	-0.253940	0.036333	-0.000000
-1.297800	-1.297800	89.535900	0.200000	0.000400	0.000000	-0.259560	0.035814	-0.000000
-1.324300	-1.324300	88.211600	0.200000	0.000400	0.000000	-0.264860	0.035285	-0.000000
-1.348900	-1.348900	86.862700	0.200000	0.000400	0.000000	-0.269780	0.034745	-0.000000
-1.371800	-1.371800	85.490900	0.200000	0.000400	0.000000	-0.274360	0.034196	-0.000000
-1.392200	-1.392200	84.098700	0.200000	0.000400	0.000000	-0.278440	0.033639	-0.000000
-1.409500	-1.409500	82.689200	0.200000	0.000400	0.000000	-0.281900	0.033076	-0.000000
-1.423400	-1.423400	81.265800	0.200000	0.000400	0.000000	-0.284680	0.032506	-0.000000
-1.434200	-1.434200	79.831600	0.200000	0.000400	0.000000	-0.286840	0.031933	-0.000000
-1.442600	-1.442600	78.389000	0.200000	0.000400	0.000000	-0.288520	0.031356	-0.000000
-1.446400	-1.446400	76.942600	0.200000	0.000400	0.000000	-0.289280	0.030777	-0.000000
-1.447300	-1.447300	75.495300	0.200000	0.000400	0.000000	-0.289460	0.030198	-0.000000
-1.445100	-1.445100	74.050200	0.200000	0.000400	0.000000	-0.289020	0.029620	0.000000
-1.439800	-1.439800	72.610400	0.200000	0.000400	0.000000	-0.287960	0.029044	0.000000
-1.421100	-1.421100	71.189300	0.200000	0.000400	0.000000	-0.284220	0.028476	0.000000
-1.408500	-1.408500	69.780800	0.200000	0.000400	0.000000	-0.281700	0.027912	0.000000
-1.393800	-1.393800	68.387000	0.200000	0.000400	0.000000	-0.278760	0.027355	0.000000
-1.376900	-1.376900	67.010100	0.200000	0.000400	0.000000	-0.275380	0.026804	0.000000
-1.357900	-1.357900	65.652200	0.200000	0.000400	0.000000	-0.271580	0.026261	0.000000
-1.336700	-1.336700	64.315500	0.200000	0.000400	0.000000	-0.267340	0.025726	0.000000
-1.313400	-1.313400	63.002100	0.200000	0.000400	0.000000	-0.262680	0.025201	0.000000
-1.288000	-1.288000	61.714100	0.200000	0.000400	0.000000	-0.257600	0.024686	0.000000
-1.260600	-1.260600	60.453500	0.200000	0.000400	0.000000	-0.252120	0.024181	0.000000
-1.231100	-1.231100	59.222400	0.200000	0.000400	0.000000	-0.246220	0.023689	0.000000
-1.199600	-1.199600	58.022800	0.200000	0.000400	0.000000	-0.239920	0.023209	0.000000
-1.166100	-1.166100	56.856700	0.200000	0.000400	0.000000	-0.233220	0.022743	0.000000
-1.130600	-1.130600	55.726100	0.200000	0.000400	0.000000	-0.226120	0.022290	0.000000
-1.093200	-1.093200	54.632900	0.200000	0.000400	0.000000	-0.218640	0.021853	0.000000
-1.012800	-1.012800	53.620100	0.200000	0.000400	0.000000	-0.202560	0.021448	0.000000
-0.969900	-0.969900	52.650200	0.200000	0.000400	0.000000	-0.193980	0.021060	0.000000
-0.925200	-0.925200	51.725000	0.200000	0.000400	0.000000	-0.185040	0.020690	0.000000
-0.878900	-0.878900	50.846100	0.200000	0.000400	0.000000	-0.175780	0.020338	0.000000
-0.831000	-0.831000	50.015100	0.200000	0.000400	0.000000	-0.166200	0.020006	0.000000
-0.730500	-0.730500	49.284600	0.200000	0.000400	0.000000	-0.146100	0.019714	0.000000
-0.677900	-0.677900	48.606700	0.200000	0.000400	0.000000	-0.135580	0.019443	0.000000
-0.624100	-0.624100	47.982600	0.200000	0.000400	0.000000	-0.124820	0.019193	0.000000
-0.568900	-0.568900	47.413700	0.200000	0.000400	0.000000	-0.113780	0.018965	0.000000
-0.512600	-0.512600	46.901100	0.200000	0.000400	0.000000	-0.102520	0.018760	0.000000
-0.455100	-0.455100	46.446000	0.200000	0.000400	0.000000	-0.091020	0.018578	0.000000
-0.396600	-0.396600	46.049400	0.200000	0.000400	0.000000	-0.079320	0.018420	0.000000
-0.337100	-0.337100	45.712300	0.200000	0.000400	0.000000	-0.067420	0.018285	0.000000
-0.276700	-0.276700	45.435600	0.200000	0.000400	0.000000	-0.055340	0.018174	0.000000
-0.215500	-0.215500	45.220100	0.200000	0.000400	0.000000	-0.043100	0.018088	0.000000
-0.153600	-0.153600	45.066500	0.200000	0.000400	0.000000	-0.030720	0.018027	0.000000
-0.091100	-0.091100	44.975400	0.200000	0.000400	0.000000	-0.018220	0.017990	0.000000
-0.028100	-0.028100	44.947300	0.200000	0.000400	0.000000	-0.005620	0.017979	0.000000
0.035400	0.035400	44.982700	0.200000	0.000400	0.000000	0.007080	0.017993	0.000000
0.163400	0.163400	45.146100	0.200000	0.000400	0.000000	0.032680	0.018058	0.000000
0.227800	0.227800	45.373900	0.200000	0.000400	0.000000	0.045560	0.018150	0.000000
0.292300	0.292300	45.666200	0.200000	0.000400	0.000000	0.058460	0.018266	0.000000
0.356700	0.356700	46.022900	0.200000	0.000400	0.000000	0.071340	0.018409	0.000000
0.420900	0.420900	46.443800	0.200000	0.000400	0.000000	0.084180	0.018578	0.000000
0.484900	0.484900	46.928700	0.200000	0.000400	0.000000	0.096980	0.018771	0.000000
0.548500	0.548500	47.477200	0.200000	0.000400	0.000000	0.109700	0.018991	0.000000
0.611600	0.611600	48.088800	0.200000	0.000400	0.000000	0.122320	0.019236	0.000000
0.736000	0.736000	48.824800	0.200000	0.000400	0.000000	0.147200	0.019530	0.000000
0.797200	0.797200	49.622000	0.200000	0.000400	0.000000	0.159440	0.019849	0.000000
0.857400	0.857400	50.479400	0.200000	0.000400	0.000000	0.171480	0.020192	0.000000
0.974700	0.974700	51.454100	0.200000	0.000400	0.000000	0.194940	0.020582	0.000000
1.031600	1.031600	52.485700	0.200000	0.000400	0.000000	0.206320	0.020994	0.000000
1.087200	1.087200	53.572900	0.200000	0.000400	0.000000	0.217440	0.021429	0.000000
1.141400	1.141400	54.714300	0.200000	0.000400	0.000000	0.228280	0.021886	0.000000
1.194000	1.194000	55.908300	0.200000	0.000400	0.000000	0.238800	0.022363	0.000000
1.245000	1.245000	57.153300	0.200000	0.000400	0.000000	0.249000	0.022861	0.000000
1.294200	1.294200	58.447500	0.200000	0.000400	0.000000	0.258840	0.023379	0.000000
1.341600	1.341600	59.789100	0.200000	0.000400	0.000000	0.268320	0.023916	0.000000
1.386900	1.386900	61.176000	0.200000	0.000400	0.000000	0.277380	0.024470	0.000000
1.471500	1.471500	62.647500	0.200000	0.000400	0.000000	0.294300	0.025059	0.000000
1.510600	1.510600	64.158100	0.200000	0.000400	0.000000	0.302120	0.025663	0.000000
1.547300	1.547300	65.705400	0.200000	0.000400	0.000000	0.309460	0.026282	0.000000
1.581600	1.581600	67.287000	0.200000	0.000400	0.000000	0.316320	0.026915	0.000000
1.613400	1.613400	68.900400	0.200000	0.000400	0.000000	0.322680	0.027560	0.000000
1.642700	1.642700	70.543100	0.200000	0.000400	0.000000	0.328540	0.028217	0.000000
1.669300	1.669300	72.212400	0.200000	0.000400	0.000000	0.333860	0.028885	0.000000
1.693300	1.693300	73.905700	0.200000	0.000400	0.000000	0.338660	0.029562	0.000000
1.714400	1.714400	75.620100	0.200000	0.000400	0.000000	0.342880	0.030248	0.000000
1.732700	1.732700	77.352800	0.200000	0.000400	0.000000	0.346540	0.030941	0.000000
1.748200	1.748200	79.101000	0.200000	0.000400	0.000000	0.349640	0.031640	0.000000
1.772700	1.772700	80.873700	0.200000	0.000400	0.000000	0.354540	0.032349	0.000000
1.737400	1.737400	82.611100	0.200000	0.000400	0.000000	0.347480	0.033044	-0.000000
1.719300	1.719300	84.330400	0.200000	0.000400	0.000000	0.343860	0.033732	-0.000000
1.698100	1.698100	86.028500	0.200000	0.000400	0.000000	0.339620	0.034411	-0.000000
1.673800	1.673800	87.702300	0.200000	0.000400	0.000000	0.334760	0.035081	-0.000000
1.646300	1.646300	89.348600	0.200000	0.000400	0.000000	0.329260	0.035739	-0.000000
1.615800	1.615800	90.964400	0.200000	0.000400	0.000000	0.323160	0.036386	-0.000000
1.582200	1.582200	92.546600	0.200000	0.000400	0.000000	0.316440	0.037019	-0.000000
1.545600	1.545600	94.092200	0.200000	0.000400	0.000000	0.309120	0.037637	-0.000000
1.506000	1.506000	95.598200	0.200000	0.000400	0.000000	0.301200	0.038239	-0.000000
1.463400	1.463400	97.061600	0.200000	0.000400	0.000000	0.292680	0.038825	-0.000000
1.418800	1.418800	98.480400	0.200000	0.000400	0.000000	0.283760	0.039392	-0.000000
1.372900	1.372900	99.853300	0.200000	0.000400	0.000000	0.274580	0.039941	-0.000000
1.325800	1.325800	101.179100	0.200000	0.000400	0.000000	0.265160	0.040472	-0.000000
1.277800	1.277800	102.456900	0.200000	0.000400	0.000000	0.255560	0.040983	-0.000000
1.229800	1.229800	103.686700	0.200000	0.000400	0.000000	0.245960	0.041475	-0.000000
1.182200	1.182200	104.868900	0.200000	0.000400	0.000000	0.236440	0.041948	-0.000000
1.130900	1.130900	105.999800	0.200000	0.000400	0.000000	0.226180	0.042400	-0.000000
1.080400	1.080400	107.080200	0.200000	0.000400	0.000000	0.216080	0.042832	-0.000000
1.030400	1.030400	108.110600	0.200000	0.000400	0.000000	0.206080	0.043244	-0.000000
0.980200	0.980200	109.090800	0.200000	0.000400	0.000000	0.196040	0.043636	-0.000000
0.872900	0.872900	109.963700	0.200000	0.000400	0.000000	0.174580	0.043985	-0.000000
0.815900	0.815900	110.779600	0.200000	0.000400	0.000000	0.163180	0.044312	-0.000000
0.756900	0.756900	111.536500	0.200000	0.000400	0.000000	0.151380	0.044615	-0.000000
0.633300	0.633300	112.169800	0.200000	0.000400	0.000000	0.126660	0.044868	-0.000000
0.568700	0.568700	112.738500	0.200000	0.000400	0.000000	0.113740	0.045095	-0.000000
0.502400	0.502400	113.240900	0.200000	0.000400	0.000000	0.100480	0.045296	-0.000000
0.434500	0.434500	113.675400	0.200000	0.000400	0.000000	0.086900	0.045470	-0.000000
0.365100	0.365100	114.040500	0.200000	0.000400	0.000000	0.073020	0.045616	-0.000000
0.294400	0.294400	114.334900	0.200000	0.000400	0.000000	0.058880	0.045734	-0.000000
0.222400	0.222400	114.557300	0.200000	0.000400	0.000000	0.044480	0.045823	-0.000000
0.149200	0.149200	114.706500	0.200000	0.000400	0.000000	0.029840	0.045883	-0.000000
0.075000	0.075000	114.781500	0.200000	0.000400	0.000000	0.015000	0.045913	-0.000000
-0.000100	-0.000100	114.781400	0.200000	0.000400	0.000000	-0.000020	0.045913	-0.000000
-0.076000	-0.076000	114.705400	0.200000	0.000400	0.000000	-0.015200	0.045882	-0.000000
-0.152500	-0.152500	114.552900	0.200000	0.000400	0.000000	-0.030500	0.045821	-0.000000
-0.229700	-0.229700	114.323200	0.200000	0.000400	0.000000	-0.045940	0.045729	-0.000000
-0.385100	-0.385100	113.938100	0.200000	0.000400	0.000000	-0.077020	0.045575	-0.000000
-0.463400	-0.463400	113.474700	0.200000	0.000400	0.000000	-0.092680	0.045390	-0.000000
-0.541600	-0.541600	112.933100	0.200000	0.000400	0.000000	-0.108320	0.045173	-0.000000
-0.619800	-0.619800	112.313300	0.200000	0.000400	0.000000	-0.123960	0.044925	-0.000000
-0.697700	-0.697700	111.615600	0.200000	0.000400	0.000000	-0.139540	0.044646	-0.000000
-0.775200	-0.775200	110.840400	0.200000	0.000400	0.000000	-0.155040	0.044336	-0.000000
-0.852100	-0.852100	109.988300	0.200000	0.000400	0.000000	-0.170420	0.043995	-0.000000
-0.928400	-0.928400	109.059900	0.200000	0.000400	0.000000	-0.185680	0.043624	-0.000000
-1.003800	-1.003800	108.056100	0.200000	0.000400	0.000000	-0.200760	0.043222	-0.000000
-1.078200	-1.078200	106.977900	0.200000	0.000400	0.000000	-0.215640	0.042791	-0.000000
-1.151600	-1.151600	105.826300	0.200000	0.000400	0.000000	-0.230320	0.042331	-0.000000
-1.223700	-1.223700	104.602600	0.200000	0.000400	0.000000	-0.244740	0.041841	-0.000000
-1.294400	-1.294400	103.308200	0.200000	0.000400	0.000000	-0.258880	0.041323	-0.000000
-1.363600	-1.363600	101.944600	0.200000	0.000400	0.000000	-0.272720	0.040778	-0.000000
-1.431200	-1.431200	100.513400	0.200000	0.000400	0.000000	-0.286240	0.040205	-0.000000
-1.497000	-1.497000	99.016400	0.200000	0.000400	0.000000	-0.299400	0.039607	-0.000000
-1.560800	-1.560800	97.455600	0.200000	0.000400	0.000000	-0.312160	0.038982	-0.000000
-1.622600	-1.622600	95.833000	0.200000	0.000400	0.000000	-0.324520	0.038333	-0.000000
-1.682100	-1.682100	94.150900	0.200000	0.000400	0.000000	-0.336420	0.037660	-0.000000
-1.739400	-1.739400	92.411500	0.200000	0.000400	0.000000	-0.347880	0.036965	-0.000000
-1.794100	-1.794100	90.617400	0.200000	0.000400	0.000000	-0.358820	0.036247	-0.000000
-1.846300	-1.846300	88.771100	0.200000	0.000400	0.000000	-0.369260	0.035508	-0.000000
-1.895700	-1.895700	86.875400	0.200000	0.000400	0.000000	-0.379140	0.034750	-0.000000
-1.942400	-1.942400	84.933000	0.200000	0.000400	0.000000	-0.388480	0.033973	-0.000000
-1.986000	-1.986000	82.947000	0.200000	0.000400	0.000000	-0.397200	0.033179	-0.000000
-2.026600	-2.026600	80.920400	0.200000	0.000400	0.000000	-0.405320	0.032368	-0.000000
-2.064100	-2.064100	78.856300	0.200000	0.000400	0.000000	-0.412820	0.031543	-0.000000
-2.129100	-2.129100	76.727200	0.200000	0.000400	0.000000	-0.425820	0.030691	-0.000000
-2.156500	-2.156500	74.570700	0.200000	0.000400	0.000000	-0.431300	0.029828	-0.000000
-2.180500	-2.180500	72.390200	0.200000	0.000400	0.000000	-0.436100	0.028956	-0.000000
-2.200800	-2.200800	70.189400	0.200000	0.000400	0.000000	-0.440160	0.028076	-0.000000
-2.217400	-2.217400	67.972000	0.200000	0.000400	0.000000	-0.443480	0.027189	-0.000000
-2.230300	-2.230300	65.741700	0.200000	0.000400	0.000000	-0.446060	0.026297	-0.000000
-2.239300	-2.239300	63.502400	0.200000	0.000400	0.000000	-0.447860	0.025401	-0.000000
-2.244500	-2.244500	61.257900	0.200000	0.000400	0.000000	-0.448900	0.024503	-0.000000
-2.245800	-2.245800	59.012100	0.200000	0.000400	0.000000	-0.449160	0.023605	-0.000000
-2.243100	-2.243100	56.769000	0.200000	0.000400	0.000000	-0.448620	0.022708	0.000000
-2.236500	-2.236500	54.532500	0.200000	0.000400	0.000000	-0.447300	0.021813	0.000000
-2.211100	-2.211100	52.321400	0.200000	0.000400	0.000000	-0.442220	0.020929	0.000000
-2.192400	-2.192400	50.129000	0.200000	0.000400	0.000000	-0.438480	0.020052	0.000000
-2.169700	-2.169700	47.959300	0.200000	0.000400	0.000000	-0.433940	0.019184	0.000000
-2.143000	-2.143000	45.816300	0.200000	0.000400	0.000000	-0.428600	0.018327	0.000000
-2.112300	-2.112300	43.704000	0.200000	0.000400	0.000000	-0.422460	0.017482	0.000000
-2.077600	-2.077600	41.626400	0.200000	0.000400	0.000000	-0.415520	0.016651	0.000000
-2.038900	-2.038900	39.587500	0.200000	0.000400	0.000000	-0.407780	0.015835	0.000000
-1.996400	-1.996400	37.591100	0.200000	0.000400	0.000000	-0.399280	0.015036	0.000000
-1.950000	-1.950000	35.641100	0.200000	0.000400	0.000000	-0.390000	0.014256	0.000000
-1.845800	-1.845800	33.795300	0.200000	0.000400	0.000000	-0.369160	0.013518	0.000000
-1.787100	-1.787100	32.008200	0.200000	0.000400	0.000000	-0.357420	0.012803	0.000000
-1.723900	-1.723900	30.284300	0.200000	0.000400	0.000000	-0.344780	0.012114	0.000000
-1.656200	-1.656200	28.628100	0.200000	0.000400	0.000000	-0.331240	0.011451	0.000000
-1.595900	-1.595900	27.032200	0.200000	0.000400	0.000000	-0.319180	0.010813	0.000000
-1.506300	-1.506300	25.525900	0.200000	0.000400	0.000000	-0.301260	0.010210	0.000000
-1.424900	-1.424900	24.101000	0.200000	0.000400	0.000000	-0.284980	0.009640	0.000000
-1.339300	-1.339300	22.761700	0.200000	0.000400	0.000000	-0.267860	0.009105	0.000000
-1.250400	-1.250400	21.511300	0.200000	0.000400	0.000000	-0.250080	0.008605	0.000000
-1.158600	-1.158600	20.352700	0.200000	0.000400	0.000000	-0.231720	0.008141	0.000000
-1.064200	-1.064200	19.288500	0.200000	0.000400	0.000000	-0.212840	0.007715	0.000000
-0.967200	-0.967200	18.321300	0.200000	0.000400	0.000000	-0.193440	0.007329	0.000000
-0.867700	-0.867700	17.453600	0.200000	0.000400	0.000000	-0.173540	0.006981	0.000000
-0.766000	-0.766000	16.687600	0.200000	0.000400	0.000000	-0.153200	0.006675	0.000000
-0.556300	-0.556300	16.131300	0.200000	0.000400	0.000000	-0.111260	0.006453	0.000000
-0.448500	-0.448500	15.682800	0.200000	0.000400	0.000000	-0.089700	0.006273	0.000000
-0.339000	-0.339000	15.343800	0.200000	0.000400	0.000000	-0.067800	0.006138	0.000000
-0.228100	-0.228100	15.115700	0.200000	0.000400	0.000000	-0.045620	0.006046	0.000000
-0.115900	-0.115900	14.999800	0.200000	0.000400	0.000000	-0.023180	0.006000	0.000000
-0.002500	-0.002500	14.997300	0.200000	0.000400	0.000000	-0.000500	0.005999	0.000000
0.111700	0.111700	15.109000	0.200000	0.000400	0.000000	0.022340	0.006044	0.000000
0.226700	0.226700	15.335700	0.200000	0.000400	0.000000	0.045340	0.006134	0.000000
0.342300	0.342300	15.678000	0.200000	0.000400	0.000000	0.068460	0.006271	0.000000
0.574300	0.574300	16.252300	0.200000	0.000400	0.000000	0.114860	0.006501	0.000000
0.690600	0.690600	16.942900	0.200000	0.000400	0.000000	0.138120	0.006777	0.000000
0.806600	0.806600	17.749500	0.200000	0.000400	0.000000	0.161320	0.007100	0.000000
0.922000	0.922000	18.671500	0.200000	0.000400	0.000000	0.184400	0.007469	0.000000
1.036700	1.036700	19.708200	0.200000	0.000400	0.000000	0.207340	0.007883	0.000000
1.150600	1.150600	20.858800	0.200000	0.000400	0.000000	0.230120	0.008344	0.000000
1.263300	1.263300	22.122100	0.200000	0.000400	0.000000	0.252660	0.008849	0.000000
1.374700	1.374700	23.496800	0.200000	0.000400	0.000000	0.274940	0.009399	0.000000
1.484600	1.484600	24.981400	0.200000	0.000400	0.000000	0.296920	0.009993	0.000000
1.592800	1.592800	26.574200	0.200000	0.000400	0.000000	0.318560	0.010630	0.000000
1.699100	1.699100	28.273300	0.200000	0.000400	0.000000	0.339820	0.011309	0.000000
1.905300	1.905300	30.178600	0.200000	0.000400	0.000000	0.381060	0.012071	0.000000
2.005000	2.005000	32.183600	0.200000	0.000400	0.000000	0.401000	0.012873	0.000000
2.101800	2.101800	34.285400	0.200000	0.000400	0.000000	0.420360	0.013714	0.000000
2.195800	2.195800	36.481200	0.200000	0.000400	0.000000	0.439160	0.014592	0.000000
2.286500	2.286500	38.767700	0.200000	0.000400	0.000000	0.457300	0.015507	0.000000
2.373900	2.373900	41.141600	0.200000	0.000400	0.000000	0.474780	0.016457	0.000000
2.457500	2.457500	43.599100	0.200000	0.000400	0.000000	0.491500	0.017440	0.000000
2.537200	2.537200	46.136300	0.200000	0.000400	0.000000	0.507440	0.018455	0.000000
2.612900	2.612900	48.749200	0.200000	0.000400	0.000000	0.522580	0.019500	0.000000
2.684200	2.684200	51.433400	0.200000	0.000400	0.000000	0.536840	0.020573	0.000000
2.813500	2.813500	54.246900	0.200000	0.000400	0.000000	0.562700	0.021699	0.000000
2.871200	2.871200	57.118100	0.200000	0.000400	0.000000	0.574240	0.022847	0.000000
2.924100	2.924100	60.042200	0.200000	0.000400	0.000000	0.584820	0.024017	0.000000
2.972000	2.972000	63.014200	0.200000	0.000400	0.000000	0.594400	0.025206	0.000000
3.014600	3.014600	66.028800	0.200000	0.000400	0.000000	0.602920	0.026412	0.000000
3.052000	3.052000	69.080800	0.200000	0.000400	0.000000	0.610400	0.027632	0.000000
3.083900	3.083900	72.164700	0.200000	0.000400	0.000000	0.616780	0.028866	0.000000
3.110300	3.110300	75.275000	0.200000	0.000400	0.000000	0.622060	0.030110	0.000000
3.130900	3.130900	78.405900	0.200000	0.000400	0.000000	0.626180	0.031362	0.000000
3.145800	3.145800	81.551700	0.200000	0.000400	0.000000	0.629160	0.032621	0.000000
3.158100	3.158100	84.709800	0.200000	0.000400	0.000000	0.631620	0.033884	0.000000
3.155400	3.155400	87.865200	0.200000	0.000400	0.000000	0.631080	0.035146	-0.000000
3.146800	3.146800	91.012000	0.200000	0.000400	0.000000	0.629360	0.036405	-0.000000
3.132100	3.132100	94.144100	0.200000	0.000400	0.000000	0.626420	0.037658	-0.000000
3.111500	3.111500	97.255600	0.200000	0.000400	0.000000	0.622300	0.038902	-0.000000
3.084800	3.084800	100.340400	0.200000	0.000400	0.000000	0.616960	0.040136	-0.000000
3.052200	3.052200	103.392600	0.200000	0.000400	0.000000	0.610440	0.041357	-0.000000
3.013600	3.013600	106.406200	0.200000	0.000400	0.000000	0.602720	0.042562	-0.000000
2.969100	2.969100	109.375300	0.200000	0.000400	0.000000	0.593820	0.043750	-0.000000
2.862600	2.862600	112.237900	0.200000	0.000400	0.000000	0.572520	0.044895	-0.000000
2.800600	2.800600	115.038500	0.200000	0.000400	0.000000	0.560120	0.046015	-0.000000
2.733000	2.733000	117.771500	0.200000	0.000400	0.000000	0.546600	0.047109	-0.000000
2.660000	2.660000	120.431500	0.200000	0.000400	0.000000	0.532000	0.048173	-0.000000
2.584200	2.584200	123.015700	0.200000	0.000400	0.000000	0.516840	0.049206	-0.000000
2.507300	2.507300	125.523000	0.200000	0.000400	0.000000	0.501460	0.050209	-0.000000
2.429700	2.429700	127.952700	0.200000	0.000400	0.000000	0.485940	0.051181	-0.000000
2.339700	2.339700	130.292400	0.200000	0.000400	0.000000	0.467940	0.052117	-0.000000
2.257700	2.257700	132.550100	0.200000	0.000400	0.000000	0.451540	0.053020	-0.000000
2.197400	2.197400	134.747500	0.200000	0.000400	0.000000	0.439480	0.053899	-0.000000
2.067000	2.067000	136.814500	0.200000	0.000400	0.000000	0.413400	0.054726	-0.000000
1.970100	1.970100	138.784600	0.200000	0.000400	0.000000	0.394020	0.055514	-0.000000
1.869900	1.869900	140.654500	0.200000	0.000400	0.000000	0.373980	0.056262	-0.000000
1.766500	1.766500	142.421000	0.200000	0.000400	0.000000	0.353300	0.056968	-0.000000
1.659100	1.659100	144.080100	0.200000	0.000400	0.000000	0.331820	0.057632	-0.000000
1.547700	1.547700	145.627800	0.200000	0.000400	0.000000	0.309540	0.058251	-0.000000
1.432500	1.432500	147.060300	0.200000	0.000400	0.000000	0.286500	0.058824	-0.000000
1.313800	1.313800	148.374100	0.200000	0.000400	0.000000	0.262760	0.059350	-0.000000
1.191600	1.191600	149.565700	0.200000	0.000400	0.000000	0.238320	0.059826	-0.000000
1.066300	1.066300	150.632000	0.200000	0.000400	0.000000	0.213260	0.060253	-0.000000
0.937900	0.937900	151.569900	0.200000	0.000400	0.000000	0.187580	0.060628	-0.000000
0.806800	0.806800	152.376700	0.200000	0.000400	0.000000	0.161360	0.060951	-0.000000
0.673000	0.673000	153.049700	0.200000	0.000400	0.000000	0.134600	0.061220	-0.000000
0.536800	0.536800	153.586500	0.200000	0.000400	0.000000	0.107360	0.061435	-0.000000
0.398400	0.398400	153.984900	0.200000	0.000400	0.000000	0.079680	0.061594	-0.000000
0.258000	0.258000	154.242900	0.200000	0.000400	0.000000	0.051600	0.061697	-0.000000
0.115800	0.115800	154.358700	0.200000	0.000400	0.000000	0.023160	0.061743	-0.000000
-0.027900	-0.027900	154.330800	0.200000	0.000400	0.000000	-0.005580	0.061732	-0.000000
-0.173000	-0.173000	154.157800	0.200000	0.000400	0.000000	-0.034600	0.061663	-0.000000
-0.319200	-0.319200	153.838600	0.200000	0.000400	0.000000	-0.063840	0.061535	-0.000000
-0.466100	-0.466100	153.372500	0.200000	0.000400	0.000000	-0.093220	0.061349	-0.000000
-0.613700	-0.613700	152.758800	0.200000	0.000400	0.000000	-0.122740	0.061104	-0.000000
-0.761500	-0.761500	151.997300	0.200000	0.000400	0.000000	-0.152300	0.060799	-0.000000
-0.909400	-0.909400	151.087900	0.200000	0.000400	0.000000	-0.181880	0.060435	-0.000000
-1.057000	-1.057000	150.030900	0.200000	0.000400	0.000000	-0.211400	0.060012	-0.000000
-1.204300	-1.204300	148.826600	0.200000	0.000400	0.000000	-0.240860	0.059531	-0.000000
-1.350900	-1.350900	147.475700	0.200000	0.000400	0.000000	-0.270180	0.058990	-0.000000
-1.496600	-1.496600	145.979100	0.200000	0.000400	0.000000	-0.299320	0.058392	-0.000000
-1.641200	-1.641200	144.337900	0.200000	0.000400	0.000000	-0.328240	0.057735	-0.000000
-1.784400	-1.784400	142.553500	0.200000	0.000400	0.000000	-0.356880	0.057021	-0.000000
-1.926000	-1.926000	140.627500	0.200000	0.000400	0.000000	-0.385200	0.056251	-0.000000
-2.065700	-2.065700	138.561800	0.200000	0.000400	0.000000	-0.413140	0.055425	-0.000000
-2.203200	-2.203200	136.358600	0.200000	0.000400	0.000000	-0.440640	0.054543	-0.000000
-2.338000	-2.338000	134.020600	0.200000	0.000400	0.000000	-0.467600	0.053608	-0.000000
-2.469800	-2.469800	131.550800	0.200000	0.000400	0.000000	-0.493960	0.052620	-0.000000
-2.598500	-2.598500	128.952300	0.200000	0.000400	0.000000	-0.519700	0.051581	-0.000000
-2.723700	-2.723700	126.228600	0.200000	0.000400	0.000000	-0.544740	0.050491	-0.000000
-2.845400	-2.845400	123.383200	0.200000	0.000400	0.000000	-0.569080	0.049353	-0.000000
-2.845400	-2.845400	120.537800	0.200000	0.000400	0.000000	-0.569080	0.048215	0.000000
-2.963000	-2.963000	117.574800	0.200000	0.000400	0.000000	-0.592600	0.047030	-0.000000
-3.076400	-3.076400	114.498400	0.200000	0.000400	0.000000	-0.615280	0.045799	-0.000000
-3.185100	-3.185100	111.313300	0.200000	0.000400	0.000000	-0.637020	0.044525	-0.000000
-3.287500	-3.287500	108.025800	0.200000	0.000400	0.000000	-0.657500	0.043210	-0.000000
-3.383300	-3.383300	104.642500	0.200000	0.000400	0.000000	-0.676660	0.041857	-0.000000
-3.472300	-3.472300	101.170200	0.200000	0.000400	0.000000	-0.694460	0.040468	-0.000000
-3.554600	-3.554600	97.615600	0.200000	0.000400	0.000000	-0.710920	0.039046	-0.000000
-3.629400	-3.629400	93.986200	0.200000	0.000400	0.000000	-0.725880	0.037594	-0.000000
-3.698300	-3.698300	90.287900	0.200000	0.000400	0.000000	-0.739660	0.036115	-0.000000
-3.764300	-3.764300	86.523600	0.200000	0.000400	0.000000	-0.752860	0.034609	-0.000000
-3.828200	-3.828200	82.695400	0.200000	0.000400	0.000000	-0.765640	0.033078	-0.000000
-3.888400	-3.888400	78.807000	0.200000	0.000400	0.000000	-0.777680	0.031523	-0.000000
-3.945600	-3.945600	74.861400	0.200000	0.000400	0.000000	-0.789120	0.029945	-0.000000
-3.997300	-3.997300	70.864100	0.200000	0.000400	0.000000	-0.799460	0.028346	-0.000000
-4.045900	-4.045900	66.818200	0.200000	0.000400	0.000000	-0.809180	0.026727	-0.000000
-4.090200	-4.090200	62.728000	0.200000	0.000400	0.000000	-0.818040	0.025091	-0.000000
-4.131500	-4.131500	58.596500	0.200000	0.000400	0.000000	-0.826300	0.023439	-0.000000
-4.131500	-4.131500	54.465000	0.200000	0.000400	0.000000	-0.826300	0.021786	0.000000
-4.169400	-4.169400	50.295600	0.200000	0.000400	0.000000	-0.833880	0.020118	-0.000000
-4.204300	-4.204300	46.091300	0.200000	0.000400	0.000000	-0.840860	0.018437	-0.000000
-4.235800	-4.235800	41.855500	0.200000	0.000400	0.000000	-0.847160	0.016742	-0.000000
-4.262800	-4.262800	37.592700	0.200000	0.000400	0.000000	-0.852560	0.015037	-0.000000
-4.284800	-4.284800	33.307900	0.200000	0.000400	0.000000	-0.856960	0.013323	-0.000000
-4.297700	-4.297700	29.010200	0.200000	0.000400	0.000000	-0.859540	0.011604	-0.000000
-4.300900	-4.300900	24.709300	0.200000	0.000400	0.000000	-0.860180	0.009884	-0.000000
-4.292800	-4.292800	20.416500	0.200000	0.000400	0.000000	-0.858560	0.008167	0.000000
-4.275800	-4.275800	16.140700	0.200000	0.000400	0.000000	-0.855160	0.006456	0.000000
-4.250800	-4.250800	11.889900	0.200000	0.000400	0.000000	-0.850160	0.004756	0.000000
-4.219000	-4.219000	7.670900	0.200000	0.000400	0.000000	-0.843800	0.003068	0.000000
-4.179800	-4.179800	3.491100	0.200000	0.000400	0.000000	-0.835960	0.001396	0.000000
-4.133900	-4.133900	-0.642800	0.200000	0.000400	0.000000	-0.826780	-0.000257	0.000000
-4.080200	-4.080200	-4.723000	0.200000	0.000400	0.000000	-0.816040	-0.001889	0.000000
-4.020400	-4.020400	-8.743400	0.200000	0.000400	0.000000	-0.804080	-0.003497	0.000000
-3.952400	-3.952400	-12.695800	0.200000	0.000400	0.000000	-0.790480	-0.005078	0.000000
-3.878400	-3.878400	-16.574200	0.200000	0.000400	0.000000	-0.775680	-0.006630	0.000000
-3.710100	-3.710100	-20.284300	0.200000	0.000400	0.000000	-0.742020	-0.008114	0.000000
-3.616100	-3.616100	-23.900400	0.200000	0.000400	0.000000	-0.723220	-0.009560	0.000000
-3.516300	-3.516300	-27.416700	0.200000	0.000400	0.000000	-0.703260	-0.010967	0.000000
-3.409100	-3.409100	-30.825800	0.200000	0.000400	0.000000	-0.681820	-0.012330	0.000000
-3.297400	-3.297400	-34.123200	0.200000	0.000400	0.000000	-0.659480	-0.013649	0.000000
-3.178700	-3.178700	-37.301900	0.200000	0.000400	0.000000	-0.635740	-0.014921	0.000000
-3.054200	-3.054200	-40.356100	0.200000	0.000400	0.000000	-0.610840	-0.016142	0.000000
-2.919800	-2.919800	-43.275900	0.200000	0.000400	0.000000	-0.583960	-0.017310	0.000000
-2.781300	-2.781300	-46.057200	0.200000	0.000400	0.000000	-0.556260	-0.018423	0.000000
-2.633600	-2.633600	-48.690800	0.200000	0.000400	0.000000	-0.526720	-0.019476	0.000000
-2.483600	-2.483600	-51.174400	0.200000	0.000400	0.000000	-0.496720	-0.020470	0.000000
-2.166800	-2.166800	-53.341200	0.200000	0.000400	0.000000	-0.433360	-0.021336	0.000000
-2.001700	-2.001700	-55.342900	0.200000	0.000400	0.000000	-0.400340	-0.022137	0.000000
-1.662900	-1.662900	-57.005800	0.200000	0.000400	0.000000	-0.332580	-0.022802	0.000000
-1.488800	-1.488800	-58.494600	0.200000	0.000400	0.000000	-0.297760	-0.023398	0.000000
-1.311600	-1.311600	-59.806200	0.200000	0.000400	0.000000	-0.262320	-0.023922	0.000000
-1.132100	-1.132100	-60.938300	0.200000	0.000400	0.000000	-0.226420	-0.024375	0.000000
-0.950000	-0.950000	-61.888300	0.200000	0.000400	0.000000	-0.190000	-0.024755	0.000000
-0.765900	-0.765900	-62.654200	0.200000	0.000400	0.000000	-0.153180	-0.025062	0.000000
-0.579700	-0.579700	-63.233900	0.200000	0.000400	0.000000	-0.115940	-0.025294	0.000000
-0.202100	-0.202100	-63.436000	0.200000	0.000400	0.000000	-0.040420	-0.025374	0.000000
-0.010900	-0.010900	-63.446900	0.200000	0.000400	0.000000	-0.002180	-0.025379	0.000000
0.181400	0.181400	-63.265500	0.200000	0.000400	0.000000	0.036280	-0.025306	0.000000
0.374600	0.374600	-62.890900	0.200000	0.000400	0.000000	0.074920	-0.025156	0.000000
0.568300	0.568300	-62.322600	0.200000	0.000400	0.000000	0.113660	-0.024929	0.000000
0.762300	0.762300	-61.560300	0.200000	0.000400	0.000000	0.152460	-0.024624	0.000000
0.956400	0.956400	-60.603900	0.200000	0.000400	0.000000	0.191280	-0.024242	0.000000
1.344200	1.344200	-59.259700	0.200000	0.000400	0.000000	0.268840	-0.023704	0.000000
1.537600	1.537600	-57.722100	0.200000	0.000400	0.000000	0.307520	-0.023089	0.000000
1.503800	1.503800	-56.218300	0.200000	0.000400	0.000000	0.300760	-0.022487	-0.000000
1.711400	1.711400	-54.506900	0.200000	0.000400	0.000000	0.342280	-0.021803	0.000000
1.918100	1.918100	-52.588800	0.200000	0.000400	0.000000	0.383620	-0.021036	0.000000
2.123300	2.123300	-50.465500	0.200000	0.000400	0.000000	0.424660	-0.020186	0.000000
2.327000	2.327000	-48.138500	0.200000	0.000400	0.000000	0.465400	-0.019255	0.000000
2.528700	2.528700	-45.609800	0.200000	0.000400	0.000000	0.505740	-0.018244	0.000000
2.728400	2.728400	-42.881400	0.200000	0.000400	0.000000	0.545680	-0.017153	0.000000
2.925800	2.925800	-39.955600	0.200000	0.000400	0.000000	0.585160	-0.015982	0.000000
3.118500	3.118500	-36.837100	0.200000	0.000400	0.000000	0.623700	-0.014735	0.000000
3.305600	3.305600	-33.531500	0.200000	0.000400	0.000000	0.661120	-0.013413	0.000000
3.755600	3.755600	-29.775900	0.200000	0.000400	0.000000	0.751120	-0.011910	0.000000
3.910300	3.910300	-25.865600	0.200000	0.000400	0.000000	0.782060	-0.010346	0.000000
4.042000	4.042000	-21.823600	0.200000	0.000400	0.000000	0.808400	-0.008729	0.000000
4.212700	4.212700	-17.610900	0.200000	0.000400	0.000000	0.842540	-0.007044	0.000000
4.372100	4.372100	-13.238800	0.200000	0.000400	0.000000	0.874420	-0.005296	0.000000
4.527000	4.527000	-8.711800	0.200000	0.000400	0.000000	0.905400	-0.003485	0.000000
4.683000	4.683000	-4.028800	0.200000	0.000400	0.000000	0.936600	-0.001612	0.000000
4.839100	4.839100	0.810300	0.200000	0.000400	0.000000	0.967820	0.000324	0.000000
4.993200	4.993200	5.803500	0.200000	0.000400	0.000000	0.998640	0.002321	0.000000
5.145400	5.145400	10.948900	0.200000	0.000400	0.000000	1.029080	0.004380	0.000000
5.294800	5.294800	16.243700	0.200000	0.000400	0.000000	1.058960	0.006497	0.000000
5.294800	5.294800	21.538500	0.200000	0.000400	0.000000	1.058960	0.008615	0.000000
0.759800	0.759800	22.298300	0.200000	0.000400	0.000000	0.151960	0.008919	-0.000000
0.759800	0.759800	23.058100	0.200000	0.000400	0.000000	0.151960	0.009223	0.000000
0.759800	0.759800	23.817900	0.200000	0.000400	0.000000	0.151960	0.009527	0.000000
0.759800	0.759800	24.577700	0.200000	0.000400	0.000000	0.151960	0.009831	0.000000
0.759800	0.759800	25.337500	0.200000	0.000400	0.000000	0.151960	0.010135	0.000000
0.759800	0.759800	26.097300	0.200000	0.000400	0.000000	0.151960	0.010439	0.000000
0.759800	0.759800	26.857100	0.200000	0.000400	0.000000	0.151960	0.010743	0.000000
0.759800	0.759800	27.616900	0.200000	0.000400	0.000000	0.151960	0.011047	0.000000
0.759800	0.759800	28.376700	0.200000	0.000400	0.000000	0.151960	0.011351	0.000000
0.759800	0.759800	29.136500	0.200000	0.000400	0.000000	0.151960	0.011655	0.000000
0.759800	0.759800	29.896300	0.200000	0.000400	0.000000	0.151960	0.011959	0.000000
0.759800	0.759800	30.656100	0.200000	0.000400	0.000000	0.151960	0.012262	0.000000
0.759900	0.759900	31.416000	0.200000	0.000400	0.000000	0.151980	0.012566	0.000000
0.759800	0.759800	32.175800	0.200000	0.000400	0.000000	0.151960	0.012870	-0.000000
0.759800	0.759800	32.935600	0.200000	0.000400	0.000000	0.151960	0.013174	0.000000
0.759700	0.759700	33.695300	0.200000	0.000400	0.000000	0.151940	0.013478	-0.000000
0.759600	0.759600	34.454900	0.200000	0.000400	0.000000	0.151920	0.013782	-0.000000
0.759400	0.759400	35.214300	0.200000	0.000400	0.000000	0.151880	0.014086	-0.000000
0.759300	0.759300	35.973600	0.200000	0.000400	0.000000	0.151860	0.014389	-0.000000
0.759100	0.759100	36.732700	0.200000	0.000400	0.000000	0.151820	0.014693	-0.000000
0.759000	0.759000	37.491700	0.200000	0.000400	0.000000	0.151800	0.014997	-0.000000
0.758900	0.758900	38.250600	0.200000	0.000400	0.000000	0.151780	0.015300	-0.000000
0.758700	0.758700	39.009300	0.200000	0.000400	0.000000	0.151740	0.015604	-0.000000
0.758600	0.758600	39.767900	0.200000	0.000400	0.000000	0.151720	0.015907	-0.000000
0.758400	0.758400	40.526300	0.200000	0.000400	0.000000	0.151680	0.016211	-0.000000
0.758200	0.758200	41.284500	0.200000	0.000400	0.000000	0.151640	0.016514	-0.000000
0.758000	0.758000	42.042500	0.200000	0.000400	0.000000	0.151600	0.016817	-0.000000
0.757800	0.757800	42.800300	0.200000	0.000400	0.000000	0.151560	0.017120	-0.000000
0.757600	0.757600	43.557900	0.200000	0.000400	0.000000	0.151520	0.017423	-0.000000
0.757400	0.757400	44.315300	0.200000	0.000400	0.000000	0.151480	0.017726	-0.000000
0.757100	0.757100	45.072400	0.200000	0.000400	0.000000	0.151420	0.018029	-0.000000
0.756900	0.756900	45.829300	0.200000	0.000400	0.000000	0.151380	0.018332	-0.000000
0.756600	0.756600	46.585900	0.200000	0.000400	0.000000	0.151320	0.018634	-0.000000
0.756300	0.756300	47.342200	0.200000	0.000400	0.000000	0.151260	0.018937	-0.000000
0.756300	0.756300	48.098500	0.200000	0.000400	0.000000	0.151260	0.019239	0.000000
0.749900	0.749900	48.848400	0.200000	0.000400	0.000000	0.149980	0.019539	-0.000000
0.749300	0.749300	49.597700	0.200000	0.000400	0.000000	0.149860	0.019839	-0.000000
0.748700	0.748700	50.346400	0.200000	0.000400	0.000000	0.149740	0.020139	-0.000000
0.748100	0.748100	51.094500	0.200000	0.000400	0.000000	0.149620	0.020438	-0.000000
0.747400	0.747400	51.841900	0.200000	0.000400	0.000000	0.149480	0.020737	-0.000000
0.746700	0.746700	52.588600	0.200000	0.000400	0.000000	0.149340	0.021035	-0.000000
0.746000	0.746000	53.334600	0.200000	0.000400	0.000000	0.149200	0.021334	-0.000000
0.745200	0.745200	54.079800	0.200000	0.000400	0.000000	0.149040	0.021632	-0.000000
0.744500	0.744500	54.824300	0.200000	0.000400	0.000000	0.148900	0.021930	-0.000000
0.743700	0.743700	55.568000	0.200000	0.000400	0.000000	0.148740	0.022227	-0.000000
0.742800	0.742800	56.310800	0.200000	0.000400	0.000000	0.148560	0.022524	-0.000000
0.742000	0.742000	57.052800	0.200000	0.000400	0.000000	0.148400	0.022821	-0.000000
0.741000	0.741000	57.793800	0.200000	0.000400	0.000000	0.148200	0.023118	-0.000000
0.740100	0.740100	58.533900	0.200000	0.000400	0.000000	0.148020	0.023414	-0.000000
0.739200	0.739200	59.273100	0.200000	0.000400	0.000000	0.147840	0.023709	-0.000000
0.738200	0.738200	60.011300	0.200000	0.000400	0.000000	0.147640	0.024005	-0.000000
0.737100	0.737100	60.748400	0.200000	0.000400	0.000000	0.147420	0.024299	-0.000000
0.737100	0.737100	61.485500	0.200000	0.000400	0.000000	0.147420	0.024594	0.000000
0.736100	0.736100	62.221600	0.200000	0.000400	0.000000	0.147220	0.024889	-0.000000
0.734900	0.734900	62.956500	0.200000	0.000400	0.000000	0.146980	0.025183	-0.000000
0.733800	0.733800	63.690300	0.200000	0.000400	0.000000	0.146760	0.025476	-0.000000
0.732600	0.732600	64.422900	0.200000	0.000400	0.000000	0.146520	0.025769	-0.000000
0.731300	0.731300	65.154200	0.200000	0.000400	0.000000	0.146260	0.026062	-0.000000
0.730000	0.730000	65.884200	0.200000	0.000400	0.000000	0.146000	0.026354	-0.000000
0.728700	0.728700	66.612900	0.200000	0.000400	0.000000	0.145740	0.026645	-0.000000
0.727300	0.727300	67.340200	0.200000	0.000400	0.000000	0.145460	0.026936	-0.000000
0.725800	0.725800	68.066000	0.200000	0.000400	0.000000	0.145160	0.027226	-0.000000
0.724300	0.724300	68.790300	0.200000	0.000400	0.000000	0.144860	0.027516	-0.000000
0.722800	0.722800	69.513100	0.200000	0.000400	0.000000	0.144560	0.027805	-0.000000
0.721200	0.721200	70.234300	0.200000	0.000400	0.000000	0.144240	0.028094	-0.000000
0.719500	0.719500	70.953800	0.200000	0.000400	0.000000	0.143900	0.028382	-0.000000
0.717800	0.717800	71.671600	0.200000	0.000400	0.000000	0.143560	0.028669	-0.000000
0.716000	0.716000	72.387600	0.200000	0.000400	0.000000	0.143200	0.028955	-0.000000
0.714200	0.714200	73.101800	0.200000	0.000400	0.000000	0.142840	0.029241	-0.000000
0.712300	0.712300	73.814100	0.200000	0.000400	0.000000	0.142460	0.029526	-0.000000
0.710300	0.710300	74.524400	0.200000	0.000400	0.000000	0.142060	0.029810	-0.000000
0.675800	0.675800	75.200200	0.200000	0.000400	0.000000	0.135160	0.030080	-0.000000
